timestamp_ms,symbol,timeframe,open,high,low,close,volume
1739289600000000,XRPUSDT,1h,2.4697,2.4815,2.4524,2.4564,6259108.0
1739293200000000,XRPUSDT,1h,2.4563,2.4573,2.4185,2.4296,13445307.0
1739296800000000,XRPUSDT,1h,2.4296,2.43,2.3893,2.3993,21349499.0
1739300400000000,XRPUSDT,1h,2.3993,2.4085,2.3708,2.3875,11939450.0
1739304000000000,XRPUSDT,1h,2.3876,2.422,2.3834,2.4131,10848001.0
1739307600000000,XRPUSDT,1h,2.4131,2.4464,2.4104,2.4335,11154169.0
1739311200000000,XRPUSDT,1h,2.4335,2.4456,2.401,2.4121,7398682.0
1739314800000000,XRPUSDT,1h,2.4121,2.4297,2.4094,2.4131,3891153.0
1739318400000000,XRPUSDT,1h,2.413,2.4268,2.3978,2.4212,5607142.0
1739322000000000,XRPUSDT,1h,2.4211,2.4271,2.4056,2.4225,3969469.0
1739325600000000,XRPUSDT,1h,2.4225,2.4229,2.392,2.3986,7585062.0
1739329200000000,XRPUSDT,1h,2.3986,2.4019,2.3814,2.3884,7941786.0
1739332800000000,XRPUSDT,1h,2.3884,2.4012,2.3804,2.3957,6481792.0
1739336400000000,XRPUSDT,1h,2.3958,2.4158,2.3911,2.4096,4241548.0
1739340000000000,XRPUSDT,1h,2.4097,2.4128,2.3936,2.3975,4762530.0
1739343600000000,XRPUSDT,1h,2.3974,2.419,2.393,2.4062,6204691.0
1739347200000000,XRPUSDT,1h,2.4062,2.4258,2.4057,2.4194,3998333.0
1739350800000000,XRPUSDT,1h,2.4193,2.4236,2.4057,2.4199,3571130.0
1739354400000000,XRPUSDT,1h,2.4199,2.4227,2.4004,2.4068,5163685.0
1739358000000000,XRPUSDT,1h,2.4069,2.4333,2.4068,2.4213,5190728.0
1739361600000000,XRPUSDT,1h,2.4213,2.4461,2.4198,2.4208,9041727.0
1739365200000000,XRPUSDT,1h,2.4208,2.4523,2.3323,2.3883,52056538.0
1739368800000000,XRPUSDT,1h,2.3884,2.3968,2.3398,2.3936,22385279.0
1739372400000000,XRPUSDT,1h,2.3936,2.4144,2.3656,2.4008,14819832.0
1739376000000000,XRPUSDT,1h,2.4008,2.4391,2.3791,2.4284,11154919.0
1739379600000000,XRPUSDT,1h,2.4283,2.4664,2.4269,2.4541,14955646.0
1739383200000000,XRPUSDT,1h,2.4542,2.4553,2.4284,2.4495,6187478.0
1739386800000000,XRPUSDT,1h,2.4494,2.4518,2.4288,2.4482,4702038.0
1739390400000000,XRPUSDT,1h,2.4482,2.4687,2.44,2.4539,6999583.0
1739394000000000,XRPUSDT,1h,2.454,2.4697,2.445,2.4589,5216537.0
1739397600000000,XRPUSDT,1h,2.459,2.4962,2.4534,2.4759,10725940.0
1739401200000000,XRPUSDT,1h,2.4759,2.4821,2.4625,2.4734,4994223.0
1739404800000000,XRPUSDT,1h,2.4734,2.4761,2.4515,2.4615,5069132.0
1739408400000000,XRPUSDT,1h,2.4614,2.482,2.4586,2.4797,3712980.0
1739412000000000,XRPUSDT,1h,2.4796,2.4799,2.4653,2.4716,4391353.0
1739415600000000,XRPUSDT,1h,2.4716,2.483,2.4681,2.4827,5336310.0
1739419200000000,XRPUSDT,1h,2.4828,2.4862,2.4661,2.4722,6391809.0
1739422800000000,XRPUSDT,1h,2.4724,2.4734,2.4578,2.469,5786718.0
1739426400000000,XRPUSDT,1h,2.469,2.4727,2.4334,2.4384,9997021.0
1739430000000000,XRPUSDT,1h,2.4384,2.4492,2.4283,2.4407,7340798.0
1739433600000000,XRPUSDT,1h,2.4407,2.4468,2.4195,2.4299,6526733.0
1739437200000000,XRPUSDT,1h,2.4299,2.4536,2.423,2.4505,4412837.0
1739440800000000,XRPUSDT,1h,2.4504,2.4581,2.4443,2.4469,3828382.0
1739444400000000,XRPUSDT,1h,2.4469,2.4505,2.4287,2.444,4135928.0
1739448000000000,XRPUSDT,1h,2.4441,2.4709,2.4303,2.4355,8823989.0
1739451600000000,XRPUSDT,1h,2.4355,2.4646,2.4271,2.4484,10190561.0
1739455200000000,XRPUSDT,1h,2.4484,2.4504,2.4154,2.4312,10539190.0
1739458800000000,XRPUSDT,1h,2.4313,2.4579,2.4169,2.4478,7122740.0
1739462400000000,XRPUSDT,1h,2.4477,2.4494,2.421,2.4228,7241486.0
1739466000000000,XRPUSDT,1h,2.4228,2.4424,2.4211,2.4299,5029784.0
1739469600000000,XRPUSDT,1h,2.4299,2.454,2.4226,2.4521,6232008.0
1739473200000000,XRPUSDT,1h,2.4521,2.4733,2.4475,2.4546,7369945.0
1739476800000000,XRPUSDT,1h,2.4546,2.4832,2.454,2.4766,6951204.0
1739480400000000,XRPUSDT,1h,2.4767,2.5281,2.4753,2.5011,19733353.0
1739484000000000,XRPUSDT,1h,2.501,2.6061,2.4955,2.5272,41262568.0
1739487600000000,XRPUSDT,1h,2.5272,2.5658,2.5062,2.5599,15051874.0
1739491200000000,XRPUSDT,1h,2.56,2.5779,2.5386,2.5597,16535357.0
1739494800000000,XRPUSDT,1h,2.5597,2.5666,2.53,2.5462,8050681.0
1739498400000000,XRPUSDT,1h,2.5459,2.5671,2.5456,2.5539,6674824.0
1739502000000000,XRPUSDT,1h,2.5539,2.5938,2.5537,2.5938,8902049.0
1739505600000000,XRPUSDT,1h,2.5938,2.598,2.5651,2.5692,8240097.0
1739509200000000,XRPUSDT,1h,2.5691,2.5848,2.5546,2.5578,6870133.0
1739512800000000,XRPUSDT,1h,2.5577,2.5637,2.5382,2.5565,9912314.0
1739516400000000,XRPUSDT,1h,2.5566,2.5926,2.5532,2.5881,11250498.0
1739520000000000,XRPUSDT,1h,2.588,2.7396,2.5871,2.6952,53525520.0
1739523600000000,XRPUSDT,1h,2.6952,2.7766,2.6899,2.7557,43321809.0
1739527200000000,XRPUSDT,1h,2.7557,2.7647,2.7266,2.7391,16394341.0
1739530800000000,XRPUSDT,1h,2.739,2.7895,2.7263,2.7324,22586538.0
1739534400000000,XRPUSDT,1h,2.7324,2.7373,2.6797,2.698,29216704.0
1739538000000000,XRPUSDT,1h,2.6981,2.7294,2.6838,2.7207,15461930.0
1739541600000000,XRPUSDT,1h,2.7208,2.7513,2.7179,2.7291,16343573.0
1739545200000000,XRPUSDT,1h,2.7292,2.7331,2.695,2.7251,15927432.0
1739548800000000,XRPUSDT,1h,2.7251,2.7387,2.6999,2.7368,9625147.0
1739552400000000,XRPUSDT,1h,2.7368,2.7628,2.7222,2.7451,12152826.0
1739556000000000,XRPUSDT,1h,2.7452,2.7756,2.7413,2.7542,13287923.0
1739559600000000,XRPUSDT,1h,2.7543,2.8356,2.7535,2.7879,34871231.0
1739563200000000,XRPUSDT,1h,2.788,2.8109,2.7342,2.747,16004755.0
1739566800000000,XRPUSDT,1h,2.7471,2.7598,2.7078,2.7473,14695736.0
1739570400000000,XRPUSDT,1h,2.7473,2.7474,2.6917,2.7104,11086876.0
1739574000000000,XRPUSDT,1h,2.7105,2.7437,2.7068,2.7384,6602828.0
1739577600000000,XRPUSDT,1h,2.7384,2.7524,2.7235,2.7476,6440845.0
1739581200000000,XRPUSDT,1h,2.7477,2.784,2.7454,2.7819,7103920.0
1739584800000000,XRPUSDT,1h,2.7819,2.8335,2.7813,2.8237,20331486.0
1739588400000000,XRPUSDT,1h,2.8236,2.829,2.7978,2.8135,8690405.0
1739592000000000,XRPUSDT,1h,2.8135,2.8149,2.7822,2.7911,9067020.0
1739595600000000,XRPUSDT,1h,2.7911,2.8071,2.7793,2.7864,5556414.0
1739599200000000,XRPUSDT,1h,2.7864,2.7922,2.7615,2.7635,7136543.0
1739602800000000,XRPUSDT,1h,2.7636,2.776,2.746,2.7638,7766619.0
1739606400000000,XRPUSDT,1h,2.7638,2.81,2.7637,2.7991,10347974.0
1739610000000000,XRPUSDT,1h,2.799,2.8128,2.7852,2.787,6982509.0
1739613600000000,XRPUSDT,1h,2.7869,2.818,2.7771,2.8069,6644492.0
1739617200000000,XRPUSDT,1h,2.8068,2.8145,2.7824,2.7972,5713709.0
1739620800000000,XRPUSDT,1h,2.7973,2.8146,2.7921,2.7986,5269009.0
1739624400000000,XRPUSDT,1h,2.7986,2.8248,2.798,2.8092,5948564.0
1739628000000000,XRPUSDT,1h,2.8092,2.8104,2.7577,2.7864,14338211.0
1739631600000000,XRPUSDT,1h,2.7865,2.805,2.7735,2.78,7264861.0
1739635200000000,XRPUSDT,1h,2.7799,2.7859,2.7592,2.7694,7536841.0
1739638800000000,XRPUSDT,1h,2.7694,2.7777,2.7385,2.7485,13087729.0
1739642400000000,XRPUSDT,1h,2.7484,2.7785,2.7465,2.777,4525603.0
1739646000000000,XRPUSDT,1h,2.777,2.7785,2.7385,2.7446,4234861.0
1739649600000000,XRPUSDT,1h,2.7447,2.7523,2.713,2.7299,8419299.0
1739653200000000,XRPUSDT,1h,2.7299,2.7464,2.7287,2.7434,5088876.0
1739656800000000,XRPUSDT,1h,2.7434,2.7529,2.7258,2.7471,2907335.0
1739660400000000,XRPUSDT,1h,2.7471,2.7656,2.7428,2.7619,3778782.0
1739664000000000,XRPUSDT,1h,2.7619,2.7838,2.7552,2.7708,5902166.0
1739667600000000,XRPUSDT,1h,2.7709,2.7988,2.7636,2.7923,8549260.0
1739671200000000,XRPUSDT,1h,2.7924,2.7928,2.7699,2.7789,3744414.0
1739674800000000,XRPUSDT,1h,2.7788,2.7879,2.7668,2.7832,3278515.0
1739678400000000,XRPUSDT,1h,2.7832,2.798,2.7777,2.7898,3515518.0
1739682000000000,XRPUSDT,1h,2.7898,2.8054,2.7788,2.7931,3919042.0
1739685600000000,XRPUSDT,1h,2.793,2.8011,2.78,2.7867,5905754.0
1739689200000000,XRPUSDT,1h,2.7868,2.787,2.7495,2.7603,7980558.0
1739692800000000,XRPUSDT,1h,2.7603,2.7773,2.7556,2.7662,4007611.0
1739696400000000,XRPUSDT,1h,2.7662,2.7691,2.74,2.7617,7149733.0
1739700000000000,XRPUSDT,1h,2.7617,2.7623,2.7445,2.7453,2981707.0
1739703600000000,XRPUSDT,1h,2.7453,2.77,2.7436,2.7642,4094908.0
1739707200000000,XRPUSDT,1h,2.7642,2.7673,2.7485,2.7611,2503943.0
1739710800000000,XRPUSDT,1h,2.7612,2.7639,2.7266,2.732,5283930.0
1739714400000000,XRPUSDT,1h,2.732,2.7333,2.6969,2.7266,15023535.0
1739718000000000,XRPUSDT,1h,2.7267,2.7351,2.7157,2.7231,3385433.0
1739721600000000,XRPUSDT,1h,2.723,2.734,2.7135,2.7295,3439143.0
1739725200000000,XRPUSDT,1h,2.7296,2.7411,2.7257,2.7305,3644568.0
1739728800000000,XRPUSDT,1h,2.7304,2.7304,2.6879,2.7176,9939430.0
1739732400000000,XRPUSDT,1h,2.7176,2.7294,2.6995,2.7261,4188424.0
1739736000000000,XRPUSDT,1h,2.7261,2.7503,2.7236,2.7448,5807531.0
1739739600000000,XRPUSDT,1h,2.7448,2.7683,2.735,2.7594,6843294.0
1739743200000000,XRPUSDT,1h,2.7593,2.7656,2.734,2.7595,4870706.0
1739746800000000,XRPUSDT,1h,2.7596,2.7601,2.7177,2.7283,6428874.0
1739750400000000,XRPUSDT,1h,2.7283,2.7477,2.7223,2.7463,5640036.0
1739754000000000,XRPUSDT,1h,2.7463,2.7646,2.7388,2.7604,4152703.0
1739757600000000,XRPUSDT,1h,2.7604,2.7648,2.7299,2.7339,4626474.0
1739761200000000,XRPUSDT,1h,2.7339,2.7341,2.7,2.7126,8393358.0
1739764800000000,XRPUSDT,1h,2.7126,2.7174,2.6919,2.703,8414151.0
1739768400000000,XRPUSDT,1h,2.703,2.7057,2.6546,2.6915,23530020.0
1739772000000000,XRPUSDT,1h,2.6915,2.7037,2.6637,2.6764,9741381.0
1739775600000000,XRPUSDT,1h,2.6763,2.6885,2.6357,2.655,15890642.0
1739779200000000,XRPUSDT,1h,2.6549,2.6759,2.642,2.6728,8393966.0
1739782800000000,XRPUSDT,1h,2.6727,2.6899,2.6702,2.6803,7759637.0
1739786400000000,XRPUSDT,1h,2.6803,2.7001,2.6723,2.675,6724533.0
1739790000000000,XRPUSDT,1h,2.6749,2.6864,2.6633,2.6727,4366445.0
1739793600000000,XRPUSDT,1h,2.6727,2.696,2.6703,2.691,6183236.0
1739797200000000,XRPUSDT,1h,2.6909,2.6931,2.6691,2.6821,5225584.0
1739800800000000,XRPUSDT,1h,2.6821,2.7323,2.677,2.7151,12232908.0
1739804400000000,XRPUSDT,1h,2.7152,2.7251,2.6395,2.6465,17419411.0
1739808000000000,XRPUSDT,1h,2.6464,2.6547,2.6075,2.6176,18755940.0
1739811600000000,XRPUSDT,1h,2.6176,2.6639,2.6171,2.6533,8924396.0
1739815200000000,XRPUSDT,1h,2.6534,2.6542,2.6144,2.6258,8590371.0
1739818800000000,XRPUSDT,1h,2.6258,2.6553,2.6111,2.6487,6824760.0
1739822400000000,XRPUSDT,1h,2.6487,2.6668,2.6472,2.6601,5624474.0
1739826000000000,XRPUSDT,1h,2.66,2.6852,2.659,2.6849,4582698.0
1739829600000000,XRPUSDT,1h,2.6849,2.686,2.6502,2.6519,5788325.0
1739833200000000,XRPUSDT,1h,2.6518,2.6621,2.6435,2.6599,5027907.0
1739836800000000,XRPUSDT,1h,2.6599,2.6658,2.6262,2.6363,5550180.0
1739840400000000,XRPUSDT,1h,2.6364,2.6686,2.6299,2.6661,4837749.0
1739844000000000,XRPUSDT,1h,2.6661,2.6699,2.6511,2.655,4294989.0
1739847600000000,XRPUSDT,1h,2.655,2.6664,2.6486,2.6599,4043269.0
1739851200000000,XRPUSDT,1h,2.66,2.6669,2.6387,2.6464,5737209.0
1739854800000000,XRPUSDT,1h,2.6464,2.6505,2.6035,2.6088,9987934.0
1739858400000000,XRPUSDT,1h,2.6088,2.6117,2.5491,2.5534,25887968.0
1739862000000000,XRPUSDT,1h,2.5534,2.5851,2.5414,2.5636,12729548.0
1739865600000000,XRPUSDT,1h,2.5636,2.58,2.5463,2.556,9104701.0
1739869200000000,XRPUSDT,1h,2.556,2.6018,2.5476,2.6008,8661641.0
1739872800000000,XRPUSDT,1h,2.6008,2.6097,2.5861,2.5883,5907378.0
1739876400000000,XRPUSDT,1h,2.5884,2.59,2.5695,2.5735,4988030.0
1739880000000000,XRPUSDT,1h,2.5736,2.6223,2.5705,2.6091,8296963.0
1739883600000000,XRPUSDT,1h,2.609,2.6162,2.5967,2.6101,4240378.0
1739887200000000,XRPUSDT,1h,2.6102,2.631,2.5629,2.5778,13259348.0
1739890800000000,XRPUSDT,1h,2.5778,2.5818,2.5264,2.5407,15245194.0
1739894400000000,XRPUSDT,1h,2.5408,2.557,2.4754,2.4909,24664355.0
1739898000000000,XRPUSDT,1h,2.4909,2.5056,2.4693,2.5046,12027230.0
1739901600000000,XRPUSDT,1h,2.5045,2.5363,2.4955,2.5157,11770876.0
1739905200000000,XRPUSDT,1h,2.5158,2.5252,2.4883,2.5117,8837432.0
1739908800000000,XRPUSDT,1h,2.5118,2.5223,2.4954,2.5041,6062142.0
1739912400000000,XRPUSDT,1h,2.5041,2.5446,2.5013,2.5332,8499717.0
1739916000000000,XRPUSDT,1h,2.5333,2.5601,2.5278,2.5465,5824598.0
1739919600000000,XRPUSDT,1h,2.5465,2.5683,2.5397,2.5628,6711190.0
1739923200000000,XRPUSDT,1h,2.5629,2.5748,2.5314,2.5374,8249156.0
1739926800000000,XRPUSDT,1h,2.5373,2.5405,2.5192,2.5383,6191684.0
1739930400000000,XRPUSDT,1h,2.5384,2.5779,2.5374,2.5709,8557044.0
1739934000000000,XRPUSDT,1h,2.5709,2.5724,2.5423,2.5541,7028495.0
1739937600000000,XRPUSDT,1h,2.554,2.5559,2.5167,2.5171,7540005.0
1739941200000000,XRPUSDT,1h,2.5171,2.5362,2.5121,2.5309,5173224.0
1739944800000000,XRPUSDT,1h,2.5309,2.5501,2.5215,2.5465,6403936.0
1739948400000000,XRPUSDT,1h,2.5465,2.5656,2.5441,2.5571,7108642.0
1739952000000000,XRPUSDT,1h,2.5571,2.571,2.5428,2.5466,4371821.0
1739955600000000,XRPUSDT,1h,2.5466,2.5658,2.5435,2.5594,4018930.0
1739959200000000,XRPUSDT,1h,2.5594,2.5846,2.5593,2.5752,7329009.0
1739962800000000,XRPUSDT,1h,2.5752,2.6322,2.5728,2.6152,14895784.0
1739966400000000,XRPUSDT,1h,2.6152,2.6217,2.5817,2.5845,10260986.0
1739970000000000,XRPUSDT,1h,2.5845,2.6129,2.5845,2.61,4970040.0
1739973600000000,XRPUSDT,1h,2.61,2.6252,2.5811,2.5824,7977791.0
1739977200000000,XRPUSDT,1h,2.5824,2.6243,2.5732,2.6075,8385350.0
1739980800000000,XRPUSDT,1h,2.6077,2.6746,2.607,2.6421,15115217.0
1739984400000000,XRPUSDT,1h,2.6421,2.692,2.6361,2.6757,14446074.0
1739988000000000,XRPUSDT,1h,2.6757,2.6843,2.6479,2.6513,12902395.0
1739991600000000,XRPUSDT,1h,2.6513,2.6793,2.633,2.6607,8592962.0
1739995200000000,XRPUSDT,1h,2.6607,2.685,2.6559,2.666,5826055.0
1739998800000000,XRPUSDT,1h,2.6659,2.6974,2.6589,2.6733,6769318.0
1740002400000000,XRPUSDT,1h,2.6733,2.7186,2.6665,2.7043,7886025.0
1740006000000000,XRPUSDT,1h,2.7044,2.747,2.7044,2.7378,18222748.0
1740009600000000,XRPUSDT,1h,2.7378,2.749,2.7035,2.7147,12037841.0
1740013200000000,XRPUSDT,1h,2.7147,2.7197,2.6855,2.6954,6544093.0
1740016800000000,XRPUSDT,1h,2.6954,2.7063,2.6813,2.6912,7008116.0
1740020400000000,XRPUSDT,1h,2.6912,2.7126,2.6912,2.7046,6075431.0
1740024000000000,XRPUSDT,1h,2.7045,2.7173,2.7,2.7136,4873957.0
1740027600000000,XRPUSDT,1h,2.7136,2.7331,2.7081,2.7186,11714769.0
1740031200000000,XRPUSDT,1h,2.7186,2.7247,2.6844,2.6852,8064383.0
1740034800000000,XRPUSDT,1h,2.6852,2.7022,2.6701,2.6861,9765049.0
1740038400000000,XRPUSDT,1h,2.6861,2.7051,2.6822,2.7047,2655857.0
1740042000000000,XRPUSDT,1h,2.7048,2.7125,2.69,2.6926,4401321.0
1740045600000000,XRPUSDT,1h,2.6925,2.7075,2.6834,2.7069,4676799.0
1740049200000000,XRPUSDT,1h,2.7068,2.7087,2.6762,2.6813,5786250.0
1740052800000000,XRPUSDT,1h,2.6813,2.7097,2.6811,2.6868,5532747.0
1740056400000000,XRPUSDT,1h,2.6868,2.7055,2.6807,2.7042,6185676.0
1740060000000000,XRPUSDT,1h,2.7043,2.7473,2.6858,2.6918,17439373.0
1740063600000000,XRPUSDT,1h,2.6919,2.6998,2.6707,2.6728,7613990.0
1740067200000000,XRPUSDT,1h,2.6728,2.7066,2.6671,2.6874,8002607.0
1740070800000000,XRPUSDT,1h,2.6874,2.7056,2.6873,2.7039,2890415.0
1740074400000000,XRPUSDT,1h,2.704,2.7283,2.7038,2.7121,6077350.0
1740078000000000,XRPUSDT,1h,2.712,2.7199,2.7032,2.7076,3419306.0
1740081600000000,XRPUSDT,1h,2.7078,2.714,2.6914,2.6965,4565251.0
1740085200000000,XRPUSDT,1h,2.6966,2.6975,2.6699,2.6756,6757877.0
1740088800000000,XRPUSDT,1h,2.6756,2.693,2.6754,2.6859,5654433.0
1740092400000000,XRPUSDT,1h,2.6859,2.6998,2.6844,2.6877,3470784.0
1740096000000000,XRPUSDT,1h,2.6878,2.6931,2.6701,2.679,5319713.0
1740099600000000,XRPUSDT,1h,2.6791,2.683,2.6517,2.6641,6582842.0
1740103200000000,XRPUSDT,1h,2.664,2.6732,2.653,2.6568,4833785.0
1740106800000000,XRPUSDT,1h,2.6567,2.663,2.6396,2.6437,6535775.0
1740110400000000,XRPUSDT,1h,2.6436,2.6588,2.6413,2.6552,4330931.0
1740114000000000,XRPUSDT,1h,2.6552,2.6595,2.6464,2.6485,4568605.0
1740117600000000,XRPUSDT,1h,2.6485,2.6688,2.6436,2.6665,4954152.0
1740121200000000,XRPUSDT,1h,2.6665,2.675,2.6568,2.6596,5040946.0
1740124800000000,XRPUSDT,1h,2.6597,2.6757,2.6547,2.6715,5291118.0
1740128400000000,XRPUSDT,1h,2.6714,2.695,2.6466,2.667,11518820.0
1740132000000000,XRPUSDT,1h,2.667,2.6787,2.6601,2.6757,4403598.0
1740135600000000,XRPUSDT,1h,2.6758,2.6773,2.6507,2.6507,6594735.0
1740139200000000,XRPUSDT,1h,2.6508,2.6661,2.6454,2.6656,4206524.0
1740142800000000,XRPUSDT,1h,2.6656,2.716,2.6655,2.6987,16380878.0
1740146400000000,XRPUSDT,1h,2.6987,2.7012,2.65,2.6685,12434925.0
1740150000000000,XRPUSDT,1h,2.6685,2.6981,2.5644,2.6144,42037219.0
1740153600000000,XRPUSDT,1h,2.6144,2.6473,2.5944,2.6297,20343272.0
1740157200000000,XRPUSDT,1h,2.6297,2.6394,2.558,2.5688,18512544.0
1740160800000000,XRPUSDT,1h,2.5687,2.5858,2.5539,2.5756,10039005.0
1740164400000000,XRPUSDT,1h,2.5755,2.5833,2.5076,2.5257,17563422.0
1740168000000000,XRPUSDT,1h,2.5257,2.5489,2.5158,2.5279,13136373.0
1740171600000000,XRPUSDT,1h,2.5279,2.5474,2.527,2.536,10324252.0
1740175200000000,XRPUSDT,1h,2.536,2.5718,2.5336,2.5638,14654585.0
1740178800000000,XRPUSDT,1h,2.5638,2.5763,2.5537,2.5721,8146188.0
1740182400000000,XRPUSDT,1h,2.5722,2.5878,2.5505,2.583,6748392.0
1740186000000000,XRPUSDT,1h,2.583,2.5987,2.5776,2.5902,4712498.0
1740189600000000,XRPUSDT,1h,2.5902,2.5902,2.5626,2.5733,7816687.0
1740193200000000,XRPUSDT,1h,2.5732,2.5756,2.5599,2.5724,5352717.0
1740196800000000,XRPUSDT,1h,2.5724,2.586,2.5672,2.5821,3877167.0
1740200400000000,XRPUSDT,1h,2.5822,2.5858,2.5715,2.583,2581981.0
1740204000000000,XRPUSDT,1h,2.583,2.5881,2.578,2.5855,2237075.0
1740207600000000,XRPUSDT,1h,2.5856,2.5954,2.5811,2.5815,2636131.0
1740211200000000,XRPUSDT,1h,2.5815,2.5854,2.5641,2.5721,6835826.0
1740214800000000,XRPUSDT,1h,2.5722,2.5846,2.5722,2.583,3305102.0
1740218400000000,XRPUSDT,1h,2.583,2.5967,2.578,2.5858,6161090.0
1740222000000000,XRPUSDT,1h,2.5858,2.5935,2.5833,2.5886,2050339.0
1740225600000000,XRPUSDT,1h,2.5887,2.5946,2.5823,2.5907,2647744.0
1740229200000000,XRPUSDT,1h,2.5908,2.5997,2.5784,2.5798,4100103.0
1740232800000000,XRPUSDT,1h,2.5798,2.5888,2.5794,2.5831,2162029.0
1740236400000000,XRPUSDT,1h,2.5832,2.5957,2.58,2.5902,2967506.0
1740240000000000,XRPUSDT,1h,2.5903,2.5989,2.5861,2.5872,3192005.0
1740243600000000,XRPUSDT,1h,2.5873,2.606,2.5843,2.606,3329559.0
1740247200000000,XRPUSDT,1h,2.6059,2.6099,2.5876,2.5906,2893563.0
1740250800000000,XRPUSDT,1h,2.5906,2.5937,2.5814,2.5874,2299790.0
1740254400000000,XRPUSDT,1h,2.5874,2.5893,2.5678,2.578,8783354.0
1740258000000000,XRPUSDT,1h,2.578,2.5829,2.5732,2.5804,1688947.0
1740261600000000,XRPUSDT,1h,2.5804,2.5873,2.5787,2.5818,2000298.0
1740265200000000,XRPUSDT,1h,2.5819,2.5839,2.5736,2.574,2136749.0
1740268800000000,XRPUSDT,1h,2.574,2.575,2.5408,2.5661,8717021.0
1740272400000000,XRPUSDT,1h,2.5661,2.5708,2.5459,2.5569,3975136.0
1740276000000000,XRPUSDT,1h,2.5569,2.56,2.543,2.5439,2375733.0
1740279600000000,XRPUSDT,1h,2.544,2.557,2.5413,2.5527,2997253.0
1740283200000000,XRPUSDT,1h,2.5527,2.5602,2.544,2.5592,2064235.0
1740286800000000,XRPUSDT,1h,2.5591,2.5714,2.5565,2.5646,3300772.0
1740290400000000,XRPUSDT,1h,2.5646,2.5694,2.5608,2.5655,2206090.0
1740294000000000,XRPUSDT,1h,2.5656,2.6016,2.5645,2.59,6028703.0
1740297600000000,XRPUSDT,1h,2.59,2.5915,2.5794,2.5871,2815640.0
1740301200000000,XRPUSDT,1h,2.5871,2.589,2.5659,2.5796,5544635.0
1740304800000000,XRPUSDT,1h,2.5796,2.5822,2.5676,2.5732,2535345.0
1740308400000000,XRPUSDT,1h,2.5732,2.5784,2.5663,2.5693,1663206.0
1740312000000000,XRPUSDT,1h,2.5693,2.5743,2.5462,2.5524,6595556.0
1740315600000000,XRPUSDT,1h,2.5525,2.5662,2.551,2.5649,3322806.0
1740319200000000,XRPUSDT,1h,2.5649,2.5686,2.5483,2.5526,3556284.0
1740322800000000,XRPUSDT,1h,2.5526,2.559,2.5201,2.522,6000442.0
1740326400000000,XRPUSDT,1h,2.522,2.5562,2.5205,2.5392,5609571.0
1740330000000000,XRPUSDT,1h,2.5392,2.564,2.5389,2.5592,4021584.0
1740333600000000,XRPUSDT,1h,2.5592,2.5659,2.5492,2.552,2693247.0
1740337200000000,XRPUSDT,1h,2.5521,2.5592,2.5493,2.5523,1560502.0
1740340800000000,XRPUSDT,1h,2.5524,2.558,2.5415,2.5552,2879893.0
1740344400000000,XRPUSDT,1h,2.5552,2.5738,2.5537,2.5737,3000908.0
1740348000000000,XRPUSDT,1h,2.5738,2.574,2.5578,2.5645,3478901.0
1740351600000000,XRPUSDT,1h,2.5645,2.5836,2.5617,2.5763,4454546.0
1740355200000000,XRPUSDT,1h,2.5763,2.609,2.5738,2.5756,6957846.0
1740358800000000,XRPUSDT,1h,2.5756,2.58,2.5474,2.557,5297993.0
1740362400000000,XRPUSDT,1h,2.5569,2.5661,2.538,2.5391,6368209.0
1740366000000000,XRPUSDT,1h,2.5391,2.5395,2.47,2.4902,23804690.0
1740369600000000,XRPUSDT,1h,2.4901,2.493,2.4424,2.4747,17831299.0
1740373200000000,XRPUSDT,1h,2.4746,2.505,2.4661,2.4943,12337232.0
1740376800000000,XRPUSDT,1h,2.4944,2.4965,2.4764,2.4916,7714607.0
1740380400000000,XRPUSDT,1h,2.4916,2.5007,2.4846,2.4939,6125454.0
1740384000000000,XRPUSDT,1h,2.4939,2.4945,2.4453,2.4534,14521787.0
1740387600000000,XRPUSDT,1h,2.4534,2.4884,2.4509,2.4751,7216418.0
1740391200000000,XRPUSDT,1h,2.4751,2.4784,2.433,2.4672,12413950.0
1740394800000000,XRPUSDT,1h,2.4672,2.4938,2.4543,2.4881,6924390.0
1740398400000000,XRPUSDT,1h,2.4882,2.4912,2.4754,2.4796,3998108.0
1740402000000000,XRPUSDT,1h,2.4796,2.4984,2.4636,2.4784,6629943.0
1740405600000000,XRPUSDT,1h,2.4784,2.4842,2.426,2.4303,14351476.0
1740409200000000,XRPUSDT,1h,2.4303,2.4544,2.402,2.4309,29618699.0
1740412800000000,XRPUSDT,1h,2.431,2.4568,2.4224,2.4406,8550485.0
1740416400000000,XRPUSDT,1h,2.4407,2.4764,2.4391,2.4644,10212962.0
1740420000000000,XRPUSDT,1h,2.4643,2.4747,2.4426,2.4449,5081980.0
1740423600000000,XRPUSDT,1h,2.4448,2.4514,2.3811,2.4014,18974666.0
1740427200000000,XRPUSDT,1h,2.4015,2.4494,2.3906,2.4246,10566614.0
1740430800000000,XRPUSDT,1h,2.4245,2.4278,2.357,2.3645,15531741.0
1740434400000000,XRPUSDT,1h,2.3646,2.366,2.2336,2.2656,76093396.0
1740438000000000,XRPUSDT,1h,2.2656,2.322,2.2576,2.2783,23910836.0
1740441600000000,XRPUSDT,1h,2.2784,2.3367,2.211,2.3071,41782199.0
1740445200000000,XRPUSDT,1h,2.3071,2.3229,2.2638,2.291,20942065.0
1740448800000000,XRPUSDT,1h,2.291,2.3295,2.2691,2.3175,16386276.0
1740452400000000,XRPUSDT,1h,2.3174,2.3252,2.28,2.2835,11647282.0
1740456000000000,XRPUSDT,1h,2.2836,2.2987,2.247,2.2539,19444880.0
1740459600000000,XRPUSDT,1h,2.2539,2.3071,2.2338,2.305,24786410.0
1740463200000000,XRPUSDT,1h,2.305,2.31,2.248,2.25,22566733.0
1740466800000000,XRPUSDT,1h,2.2501,2.2571,2.0906,2.1511,112931387.0
1740470400000000,XRPUSDT,1h,2.1511,2.2137,2.1371,2.1859,30839923.0
1740474000000000,XRPUSDT,1h,2.186,2.1954,2.1269,2.1396,28835023.0
1740477600000000,XRPUSDT,1h,2.1396,2.1646,2.0684,2.1297,55953363.0
1740481200000000,XRPUSDT,1h,2.1298,2.2138,2.0637,2.1893,64458810.0
1740484800000000,XRPUSDT,1h,2.1893,2.2732,2.1717,2.2732,51023524.0
1740488400000000,XRPUSDT,1h,2.2733,2.2794,2.2171,2.2233,30303590.0
1740492000000000,XRPUSDT,1h,2.2234,2.2567,2.1638,2.1744,46733283.0
1740495600000000,XRPUSDT,1h,2.1743,2.2328,2.1562,2.2064,36139021.0
1740499200000000,XRPUSDT,1h,2.2065,2.2487,2.1722,2.2212,19641810.0
1740502800000000,XRPUSDT,1h,2.2212,2.2441,2.2029,2.2206,11304716.0
1740506400000000,XRPUSDT,1h,2.2207,2.25,2.1871,2.2108,20580215.0
1740510000000000,XRPUSDT,1h,2.2108,2.265,2.1838,2.2629,16462977.0
1740513600000000,XRPUSDT,1h,2.2629,2.31,2.245,2.301,28770122.0
1740517200000000,XRPUSDT,1h,2.3009,2.3349,2.2786,2.3307,14407134.0
1740520800000000,XRPUSDT,1h,2.3307,2.3663,2.315,2.3329,22782996.0
1740524400000000,XRPUSDT,1h,2.3328,2.3583,2.318,2.3222,13697838.0
1740528000000000,XRPUSDT,1h,2.3222,2.3306,2.2634,2.2764,18052658.0
1740531600000000,XRPUSDT,1h,2.2763,2.3122,2.2759,2.3005,10372172.0
1740535200000000,XRPUSDT,1h,2.3006,2.3302,2.2844,2.3195,10565010.0
1740538800000000,XRPUSDT,1h,2.3194,2.3314,2.3089,2.3115,8247375.0
1740542400000000,XRPUSDT,1h,2.3116,2.3288,2.298,2.2997,5644616.0
1740546000000000,XRPUSDT,1h,2.2998,2.306,2.2774,2.2791,8059673.0
1740549600000000,XRPUSDT,1h,2.279,2.3045,2.2772,2.3019,7527392.0
1740553200000000,XRPUSDT,1h,2.3019,2.3076,2.2679,2.2872,7852375.0
1740556800000000,XRPUSDT,1h,2.2872,2.2958,2.2644,2.2915,9263015.0
1740560400000000,XRPUSDT,1h,2.2915,2.3226,2.2876,2.3207,10668377.0
1740564000000000,XRPUSDT,1h,2.3206,2.3212,2.2965,2.3138,12195607.0
1740567600000000,XRPUSDT,1h,2.3139,2.3181,2.2767,2.2802,9388186.0
1740571200000000,XRPUSDT,1h,2.2803,2.2845,2.2346,2.2456,15627425.0
1740574800000000,XRPUSDT,1h,2.2455,2.2517,2.2239,2.2277,18354474.0
1740578400000000,XRPUSDT,1h,2.2277,2.2648,2.1948,2.2594,36166933.0
1740582000000000,XRPUSDT,1h,2.2594,2.304,2.2585,2.2749,22666660.0
1740585600000000,XRPUSDT,1h,2.275,2.2828,2.2291,2.2576,17087341.0
1740589200000000,XRPUSDT,1h,2.2576,2.2695,2.2022,2.2136,15595826.0
1740592800000000,XRPUSDT,1h,2.2135,2.2272,2.1507,2.1669,38475234.0
1740596400000000,XRPUSDT,1h,2.1669,2.1998,2.1592,2.18,21970540.0
1740600000000000,XRPUSDT,1h,2.1801,2.2273,2.1542,2.217,23541955.0
1740603600000000,XRPUSDT,1h,2.2169,2.2296,2.1797,2.2134,15320972.0
1740607200000000,XRPUSDT,1h,2.2135,2.2472,2.2029,2.2147,13293192.0
1740610800000000,XRPUSDT,1h,2.2145,2.2276,2.1867,2.1982,8188557.0
1740614400000000,XRPUSDT,1h,2.1983,2.2114,2.1648,2.183,14445524.0
1740618000000000,XRPUSDT,1h,2.183,2.2158,2.16,2.197,12580812.0
1740621600000000,XRPUSDT,1h,2.1971,2.2187,2.1722,2.1813,9742618.0
1740625200000000,XRPUSDT,1h,2.1812,2.2091,2.1737,2.2025,8636203.0
1740628800000000,XRPUSDT,1h,2.2026,2.2136,2.1717,2.1845,6200667.0
1740632400000000,XRPUSDT,1h,2.1845,2.2194,2.1829,2.2165,8271666.0
1740636000000000,XRPUSDT,1h,2.2164,2.2395,2.202,2.2248,9906343.0
1740639600000000,XRPUSDT,1h,2.2248,2.2394,2.2197,2.2229,8835821.0
1740643200000000,XRPUSDT,1h,2.2229,2.2257,2.2018,2.2089,9860065.0
1740646800000000,XRPUSDT,1h,2.209,2.237,2.2085,2.2263,7525486.0
1740650400000000,XRPUSDT,1h,2.2263,2.2568,2.2212,2.2565,8718560.0
1740654000000000,XRPUSDT,1h,2.2564,2.2577,2.2323,2.2394,7400693.0
1740657600000000,XRPUSDT,1h,2.2395,2.2459,2.2211,2.2305,7272334.0
1740661200000000,XRPUSDT,1h,2.2304,2.2467,2.2106,2.221,13584325.0
1740664800000000,XRPUSDT,1h,2.2209,2.2314,2.1819,2.1832,15720846.0
1740668400000000,XRPUSDT,1h,2.1832,2.2118,2.1668,2.1995,13150967.0
1740672000000000,XRPUSDT,1h,2.1994,2.2148,2.1735,2.1768,8474517.0
1740675600000000,XRPUSDT,1h,2.1768,2.2043,2.1737,2.2034,5265675.0
1740679200000000,XRPUSDT,1h,2.2034,2.2375,2.2034,2.2237,8241287.0
1740682800000000,XRPUSDT,1h,2.2237,2.2237,2.1795,2.1904,7059921.0
1740686400000000,XRPUSDT,1h,2.1904,2.1924,2.1453,2.1696,21139339.0
1740690000000000,XRPUSDT,1h,2.1697,2.1943,2.1472,2.1933,8411361.0
1740693600000000,XRPUSDT,1h,2.1932,2.2063,2.1659,2.2013,5142113.0
1740697200000000,XRPUSDT,1h,2.2012,2.2085,2.1888,2.1985,4154783.0
1740700800000000,XRPUSDT,1h,2.1985,2.2017,2.1736,2.1736,7395402.0
1740704400000000,XRPUSDT,1h,2.1735,2.1827,2.0653,2.0822,50321619.0
1740708000000000,XRPUSDT,1h,2.0822,2.1073,2.0239,2.056,54536132.0
1740711600000000,XRPUSDT,1h,2.0559,2.0793,2.018,2.0209,25279110.0
1740715200000000,XRPUSDT,1h,2.0209,2.0504,1.9953,2.039,33336046.0
1740718800000000,XRPUSDT,1h,2.0389,2.0475,2.0014,2.0268,18620764.0
1740722400000000,XRPUSDT,1h,2.0268,2.0352,1.9828,2.0058,24740695.0
1740726000000000,XRPUSDT,1h,2.0057,2.0362,1.9948,2.0003,15315321.0
1740729600000000,XRPUSDT,1h,2.0003,2.0212,1.951,2.0169,30209498.0
1740733200000000,XRPUSDT,1h,2.0169,2.0573,2.0117,2.0547,18629111.0
1740736800000000,XRPUSDT,1h,2.0547,2.0603,2.0185,2.0274,11969120.0
1740740400000000,XRPUSDT,1h,2.0274,2.0538,2.0068,2.0316,12896453.0
1740744000000000,XRPUSDT,1h,2.0315,2.0412,2.013,2.034,10823534.0
1740747600000000,XRPUSDT,1h,2.0341,2.0849,2.0296,2.073,27001223.0
1740751200000000,XRPUSDT,1h,2.073,2.13,2.0716,2.1046,31177824.0
1740754800000000,XRPUSDT,1h,2.1045,2.157,2.0988,2.1469,22464780.0
1740758400000000,XRPUSDT,1h,2.1469,2.1646,2.1197,2.1413,12829822.0
1740762000000000,XRPUSDT,1h,2.1413,2.1519,2.1263,2.1277,10049030.0
1740765600000000,XRPUSDT,1h,2.1277,2.1624,2.1152,2.14,15236279.0
1740769200000000,XRPUSDT,1h,2.1399,2.1584,2.131,2.1479,7611370.0
1740772800000000,XRPUSDT,1h,2.1479,2.155,2.1217,2.1401,7487573.0
1740776400000000,XRPUSDT,1h,2.1402,2.159,2.1367,2.1502,5314174.0
1740780000000000,XRPUSDT,1h,2.1502,2.1541,2.1297,2.1369,4988233.0
1740783600000000,XRPUSDT,1h,2.1369,2.1485,2.1279,2.1453,4933226.0
1740787200000000,XRPUSDT,1h,2.1454,2.156,2.1216,2.1232,5230715.0
1740790800000000,XRPUSDT,1h,2.1232,2.1732,2.1228,2.1685,8472444.0
1740794400000000,XRPUSDT,1h,2.1686,2.2176,2.1538,2.1896,16344556.0
1740798000000000,XRPUSDT,1h,2.1897,2.1987,2.1804,2.1847,5833639.0
1740801600000000,XRPUSDT,1h,2.1846,2.2199,2.183,2.2122,10678211.0
1740805200000000,XRPUSDT,1h,2.2122,2.2131,2.1859,2.1865,5672910.0
1740808800000000,XRPUSDT,1h,2.1866,2.1928,2.1716,2.1839,5026736.0
1740812400000000,XRPUSDT,1h,2.1838,2.1839,2.1631,2.1671,5084185.0
1740816000000000,XRPUSDT,1h,2.1671,2.1858,2.1671,2.1853,3672082.0
1740819600000000,XRPUSDT,1h,2.1853,2.1938,2.1751,2.1838,5629588.0
1740823200000000,XRPUSDT,1h,2.1838,2.1853,2.1516,2.1607,6541786.0
1740826800000000,XRPUSDT,1h,2.1607,2.1641,2.1415,2.1606,7252429.0
1740830400000000,XRPUSDT,1h,2.1607,2.1694,2.1514,2.1655,3696866.0
1740834000000000,XRPUSDT,1h,2.1655,2.1719,2.1214,2.1399,8976232.0
1740837600000000,XRPUSDT,1h,2.1399,2.1502,2.1356,2.1471,4348900.0
1740841200000000,XRPUSDT,1h,2.1471,2.1589,2.1365,2.1511,4470262.0
1740844800000000,XRPUSDT,1h,2.1512,2.1632,2.144,2.1583,3735288.0
1740848400000000,XRPUSDT,1h,2.1582,2.1592,2.1358,2.1422,3590189.0
1740852000000000,XRPUSDT,1h,2.1422,2.1627,2.136,2.1592,3915132.0
1740855600000000,XRPUSDT,1h,2.1592,2.1774,2.1569,2.169,3982589.0
1740859200000000,XRPUSDT,1h,2.169,2.1732,2.1601,2.1709,4531488.0
1740862800000000,XRPUSDT,1h,2.1709,2.203,2.1626,2.1978,6385046.0
1740866400000000,XRPUSDT,1h,2.1978,2.2094,2.1837,2.1916,7535947.0
1740870000000000,XRPUSDT,1h,2.1915,2.194,2.176,2.1916,4980971.0
1740873600000000,XRPUSDT,1h,2.1917,2.1996,2.1735,2.1912,4729980.0
1740877200000000,XRPUSDT,1h,2.1913,2.2153,2.1901,2.2151,6682862.0
1740880800000000,XRPUSDT,1h,2.2152,2.2658,2.212,2.2584,15530056.0
1740884400000000,XRPUSDT,1h,2.2584,2.2677,2.2392,2.2539,5169383.0
1740888000000000,XRPUSDT,1h,2.2539,2.257,2.2394,2.2488,4344379.0
1740891600000000,XRPUSDT,1h,2.2487,2.284,2.2414,2.2656,8650524.0
1740895200000000,XRPUSDT,1h,2.2656,2.2851,2.2533,2.2842,5450303.0
1740898800000000,XRPUSDT,1h,2.2842,2.2986,2.2728,2.2737,6879291.0
1740902400000000,XRPUSDT,1h,2.2738,2.285,2.2552,2.2552,8247396.0
1740906000000000,XRPUSDT,1h,2.2553,2.2683,2.2528,2.2637,4098684.0
1740909600000000,XRPUSDT,1h,2.2637,2.2691,2.2552,2.2658,3028264.0
1740913200000000,XRPUSDT,1h,2.2658,2.282,2.2606,2.2748,7058065.0
1740916800000000,XRPUSDT,1h,2.2748,2.2781,2.2577,2.274,6927057.0
1740920400000000,XRPUSDT,1h,2.274,2.274,2.2456,2.2558,6290260.0
1740924000000000,XRPUSDT,1h,2.2559,2.2588,2.2202,2.2263,9012887.0
1740927600000000,XRPUSDT,1h,2.2262,2.725,2.2231,2.5984,197134385.0
1740931200000000,XRPUSDT,1h,2.5985,2.999,2.5949,2.8483,222393297.0
1740934800000000,XRPUSDT,1h,2.8484,2.9742,2.7815,2.8736,96054686.0
1740938400000000,XRPUSDT,1h,2.8735,2.8906,2.7454,2.7927,68335940.0
1740942000000000,XRPUSDT,1h,2.7928,2.8909,2.7848,2.8715,26244703.0
1740945600000000,XRPUSDT,1h,2.8715,2.8802,2.8348,2.8647,22258528.0
1740949200000000,XRPUSDT,1h,2.8648,2.9453,2.8538,2.9058,27888557.0
1740952800000000,XRPUSDT,1h,2.9057,2.9279,2.8633,2.91,17245035.0
1740956400000000,XRPUSDT,1h,2.91,2.9626,2.8958,2.9396,27301097.0
1740960000000000,XRPUSDT,1h,2.9395,2.9676,2.8539,2.8611,38521926.0
1740963600000000,XRPUSDT,1h,2.8612,2.8944,2.7976,2.8103,28385003.0
1740967200000000,XRPUSDT,1h,2.8103,2.8216,2.7625,2.8108,25202612.0
1740970800000000,XRPUSDT,1h,2.8107,2.8224,2.7792,2.7936,16646435.0
1740974400000000,XRPUSDT,1h,2.7935,2.8112,2.7871,2.8098,13412320.0
1740978000000000,XRPUSDT,1h,2.8098,2.8236,2.7993,2.8131,10148678.0
1740981600000000,XRPUSDT,1h,2.8131,2.8148,2.652,2.6767,41696064.0
1740985200000000,XRPUSDT,1h,2.6767,2.6957,2.6313,2.6896,32049487.0
1740988800000000,XRPUSDT,1h,2.6896,2.696,2.5738,2.5932,34274230.0
1740992400000000,XRPUSDT,1h,2.5932,2.6043,2.5259,2.5741,35111252.0
1740996000000000,XRPUSDT,1h,2.574,2.6701,2.57,2.6642,36133126.0
1740999600000000,XRPUSDT,1h,2.6642,2.6699,2.6258,2.6337,18781851.0
1741003200000000,XRPUSDT,1h,2.6337,2.6875,2.6291,2.6658,23804701.0
1741006800000000,XRPUSDT,1h,2.6658,2.7159,2.6555,2.6934,23019963.0
1741010400000000,XRPUSDT,1h,2.6933,2.7067,2.555,2.5633,53990273.0
1741014000000000,XRPUSDT,1h,2.5634,2.6439,2.5589,2.5981,37229323.0
1741017600000000,XRPUSDT,1h,2.5982,2.6259,2.5775,2.6086,15005080.0
1741021200000000,XRPUSDT,1h,2.6085,2.637,2.5842,2.598,13100203.0
1741024800000000,XRPUSDT,1h,2.598,2.6016,2.4437,2.4737,73314169.0
1741028400000000,XRPUSDT,1h,2.4737,2.4987,2.3415,2.349,87271275.0
1741032000000000,XRPUSDT,1h,2.349,2.4189,2.3461,2.4107,45521936.0
1741035600000000,XRPUSDT,1h,2.4108,2.4232,2.2976,2.3206,30871180.0
1741039200000000,XRPUSDT,1h,2.3206,2.42,2.3188,2.4067,24282577.0
1741042800000000,XRPUSDT,1h,2.4067,2.4217,2.3809,2.3873,13016472.0
1741046400000000,XRPUSDT,1h,2.3873,2.4225,2.3585,2.3615,16321646.0
1741050000000000,XRPUSDT,1h,2.3615,2.3709,2.2451,2.2827,48518915.0
1741053600000000,XRPUSDT,1h,2.2828,2.3113,2.2123,2.2904,33648846.0
1741057200000000,XRPUSDT,1h,2.2904,2.3277,2.2741,2.2983,16539701.0
1741060800000000,XRPUSDT,1h,2.2984,2.3176,2.2879,2.2925,9754693.0
1741064400000000,XRPUSDT,1h,2.2926,2.377,2.288,2.3591,26406213.0
1741068000000000,XRPUSDT,1h,2.3592,2.37,2.313,2.3231,15026448.0
1741071600000000,XRPUSDT,1h,2.3232,2.3388,2.3063,2.3207,10216110.0
1741075200000000,XRPUSDT,1h,2.3207,2.3737,2.3018,2.3611,15796313.0
1741078800000000,XRPUSDT,1h,2.3611,2.3841,2.3373,2.3556,11491869.0
1741082400000000,XRPUSDT,1h,2.3556,2.4081,2.3422,2.3926,15339968.0
1741086000000000,XRPUSDT,1h,2.3927,2.4137,2.3572,2.3597,19041582.0
1741089600000000,XRPUSDT,1h,2.3596,2.3659,2.3341,2.3504,14794614.0
1741093200000000,XRPUSDT,1h,2.3503,2.3503,2.2921,2.2995,23895792.0
1741096800000000,XRPUSDT,1h,2.2996,2.5262,2.2887,2.3663,81224882.0
1741100400000000,XRPUSDT,1h,2.3663,2.4143,2.3087,2.4035,40902431.0
1741104000000000,XRPUSDT,1h,2.4035,2.4104,2.312,2.3922,32610725.0
1741107600000000,XRPUSDT,1h,2.3921,2.495,2.3755,2.447,39913728.0
1741111200000000,XRPUSDT,1h,2.447,2.4954,2.4283,2.4939,19144591.0
1741114800000000,XRPUSDT,1h,2.4938,2.52,2.4723,2.4943,26697340.0
1741118400000000,XRPUSDT,1h,2.4943,2.5062,2.4345,2.4383,18269710.0
1741122000000000,XRPUSDT,1h,2.4383,2.5388,2.4273,2.4737,20500697.0
1741125600000000,XRPUSDT,1h,2.4737,2.4894,2.4479,2.4497,8323255.0
1741129200000000,XRPUSDT,1h,2.4496,2.4706,2.4489,2.4543,5535024.0
1741132800000000,XRPUSDT,1h,2.4542,2.4743,2.4348,2.4451,8951955.0
1741136400000000,XRPUSDT,1h,2.445,2.496,2.4335,2.4959,7802827.0
1741140000000000,XRPUSDT,1h,2.496,2.5409,2.479,2.5076,15151105.0
1741143600000000,XRPUSDT,1h,2.5076,2.5238,2.4374,2.4391,11488827.0
1741147200000000,XRPUSDT,1h,2.4391,2.4596,2.4287,2.4522,18325981.0
1741150800000000,XRPUSDT,1h,2.4521,2.4571,2.4304,2.432,5856128.0
1741154400000000,XRPUSDT,1h,2.432,2.4481,2.408,2.4428,11518096.0
1741158000000000,XRPUSDT,1h,2.4429,2.455,2.4316,2.4473,5950868.0
1741161600000000,XRPUSDT,1h,2.4472,2.4959,2.445,2.4837,10734429.0
1741165200000000,XRPUSDT,1h,2.4838,2.5148,2.4771,2.4908,11621920.0
1741168800000000,XRPUSDT,1h,2.4907,2.5399,2.4867,2.5125,16860581.0
1741172400000000,XRPUSDT,1h,2.5125,2.515,2.4674,2.4791,10283845.0
1741176000000000,XRPUSDT,1h,2.4792,2.5079,2.4668,2.4864,11949427.0
1741179600000000,XRPUSDT,1h,2.4864,2.4981,2.4462,2.4683,20258802.0
1741183200000000,XRPUSDT,1h,2.4682,2.4965,2.4482,2.4532,14106908.0
1741186800000000,XRPUSDT,1h,2.4532,2.49,2.4188,2.4481,20093223.0
1741190400000000,XRPUSDT,1h,2.4481,2.4807,2.4259,2.4669,10190985.0
1741194000000000,XRPUSDT,1h,2.4669,2.5064,2.4623,2.489,10385791.0
1741197600000000,XRPUSDT,1h,2.489,2.506,2.4681,2.5022,6068258.0
1741201200000000,XRPUSDT,1h,2.5022,2.5173,2.4935,2.4966,8049737.0
1741204800000000,XRPUSDT,1h,2.4966,2.5132,2.4887,2.5036,5145595.0
1741208400000000,XRPUSDT,1h,2.5036,2.5126,2.4883,2.4998,4316764.0
1741212000000000,XRPUSDT,1h,2.4998,2.5124,2.4936,2.5093,4086795.0
1741215600000000,XRPUSDT,1h,2.5093,2.515,2.496,2.4998,5707120.0
1741219200000000,XRPUSDT,1h,2.4998,2.5103,2.4707,2.4749,7658293.0
1741222800000000,XRPUSDT,1h,2.4748,2.5484,2.474,2.5149,11579337.0
1741226400000000,XRPUSDT,1h,2.5148,2.5286,2.5001,2.5231,8206054.0
1741230000000000,XRPUSDT,1h,2.5231,2.5311,2.5088,2.5133,6420648.0
1741233600000000,XRPUSDT,1h,2.5133,2.5363,2.5057,2.5306,7462034.0
1741237200000000,XRPUSDT,1h,2.5306,2.5549,2.5173,2.525,10710501.0
1741240800000000,XRPUSDT,1h,2.5251,2.5268,2.5013,2.5021,8010237.0
1741244400000000,XRPUSDT,1h,2.5022,2.5175,2.5007,2.5123,5459786.0
1741248000000000,XRPUSDT,1h,2.5123,2.593,2.5103,2.5654,20771011.0
1741251600000000,XRPUSDT,1h,2.5654,2.5918,2.5359,2.5737,15150124.0
1741255200000000,XRPUSDT,1h,2.5738,2.6461,2.5688,2.6313,22160273.0
1741258800000000,XRPUSDT,1h,2.6314,2.6406,2.6063,2.611,9566646.0
1741262400000000,XRPUSDT,1h,2.6111,2.6174,2.5668,2.5791,17205893.0
1741266000000000,XRPUSDT,1h,2.5792,2.6259,2.5726,2.5912,14079408.0
1741269600000000,XRPUSDT,1h,2.5913,2.6152,2.5464,2.582,20711458.0
1741273200000000,XRPUSDT,1h,2.582,2.64,2.577,2.6222,18508636.0
1741276800000000,XRPUSDT,1h,2.6222,2.6392,2.5692,2.575,18120300.0
1741280400000000,XRPUSDT,1h,2.5749,2.5823,2.5265,2.5503,21027627.0
1741284000000000,XRPUSDT,1h,2.5503,2.5833,2.5495,2.5674,10423843.0
1741287600000000,XRPUSDT,1h,2.5673,2.6113,2.55,2.5842,8683359.0
1741291200000000,XRPUSDT,1h,2.5843,2.6117,2.5785,2.5976,6946525.0
1741294800000000,XRPUSDT,1h,2.5982,2.6216,2.5931,2.605,8143347.0
1741298400000000,XRPUSDT,1h,2.605,2.6262,2.575,2.594,10495123.0
1741302000000000,XRPUSDT,1h,2.5941,2.6142,2.5795,2.6001,5994535.0
1741305600000000,XRPUSDT,1h,2.6,2.6217,2.3737,2.4086,82702006.0
1741309200000000,XRPUSDT,1h,2.4087,2.5041,2.3905,2.4857,40140748.0
1741312800000000,XRPUSDT,1h,2.4856,2.5253,2.4575,2.4844,14774368.0
1741316400000000,XRPUSDT,1h,2.4845,2.5006,2.4682,2.4704,10000324.0
1741320000000000,XRPUSDT,1h,2.4704,2.4974,2.467,2.4836,7507521.0
1741323600000000,XRPUSDT,1h,2.4836,2.5186,2.4814,2.5054,8787352.0
1741327200000000,XRPUSDT,1h,2.5055,2.5062,2.4825,2.4872,7678820.0
1741330800000000,XRPUSDT,1h,2.4871,2.5098,2.4819,2.5062,7539425.0
1741334400000000,XRPUSDT,1h,2.5062,2.5156,2.4929,2.515,6119825.0
1741338000000000,XRPUSDT,1h,2.515,2.5699,2.5127,2.5399,12940146.0
1741341600000000,XRPUSDT,1h,2.54,2.5515,2.5317,2.5411,6643903.0
1741345200000000,XRPUSDT,1h,2.5411,2.5555,2.52,2.5302,8985509.0
1741348800000000,XRPUSDT,1h,2.5303,2.5419,2.4969,2.5106,10958926.0
1741352400000000,XRPUSDT,1h,2.5107,2.557,2.5055,2.513,17985112.0
1741356000000000,XRPUSDT,1h,2.513,2.5565,2.4902,2.5329,17064966.0
1741359600000000,XRPUSDT,1h,2.5329,2.555,2.4832,2.5035,21348685.0
1741363200000000,XRPUSDT,1h,2.5035,2.5102,2.3839,2.4329,47499261.0
1741366800000000,XRPUSDT,1h,2.4329,2.4761,2.3983,2.4466,22580279.0
1741370400000000,XRPUSDT,1h,2.4467,2.5184,2.4362,2.5073,13215897.0
1741374000000000,XRPUSDT,1h,2.5073,2.5234,2.4576,2.4829,11969453.0
1741377600000000,XRPUSDT,1h,2.483,2.5347,2.442,2.4683,17832265.0
1741381200000000,XRPUSDT,1h,2.4682,2.4715,2.376,2.3975,32183594.0
1741384800000000,XRPUSDT,1h,2.3974,2.4034,2.3435,2.3962,16677686.0
1741388400000000,XRPUSDT,1h,2.3963,2.3967,2.3563,2.3855,11098023.0
1741392000000000,XRPUSDT,1h,2.3855,2.4106,2.3678,2.406,8267120.0
1741395600000000,XRPUSDT,1h,2.4059,2.4089,2.3385,2.3677,9032855.0
1741399200000000,XRPUSDT,1h,2.3676,2.3734,2.3562,2.3604,4876162.0
1741402800000000,XRPUSDT,1h,2.3605,2.3607,2.3274,2.3435,9987558.0
1741406400000000,XRPUSDT,1h,2.3435,2.3758,2.3317,2.3683,5678737.0
1741410000000000,XRPUSDT,1h,2.3684,2.3695,2.3398,2.349,4154741.0
1741413600000000,XRPUSDT,1h,2.3489,2.363,2.3476,2.3592,3046325.0
1741417200000000,XRPUSDT,1h,2.3591,2.3747,2.357,2.362,3068013.0
1741420800000000,XRPUSDT,1h,2.3619,2.3688,2.3375,2.341,5173046.0
1741424400000000,XRPUSDT,1h,2.341,2.3621,2.32,2.3305,5266399.0
1741428000000000,XRPUSDT,1h,2.3302,2.3497,2.3298,2.3398,4284075.0
1741431600000000,XRPUSDT,1h,2.3399,2.3403,2.3013,2.3164,6163563.0
1741435200000000,XRPUSDT,1h,2.3164,2.3432,2.3063,2.3343,5252496.0
1741438800000000,XRPUSDT,1h,2.3343,2.357,2.3314,2.3476,4601955.0
1741442400000000,XRPUSDT,1h,2.3477,2.366,2.3423,2.3507,4634709.0
1741446000000000,XRPUSDT,1h,2.3506,2.3656,2.3361,2.3513,3417985.0
1741449600000000,XRPUSDT,1h,2.3513,2.3553,2.3121,2.3362,8058121.0
1741453200000000,XRPUSDT,1h,2.3361,2.3524,2.3106,2.348,4777249.0
1741456800000000,XRPUSDT,1h,2.348,2.3557,2.3295,2.3389,2464292.0
1741460400000000,XRPUSDT,1h,2.339,2.36,2.3282,2.356,3337811.0
1741464000000000,XRPUSDT,1h,2.356,2.3589,2.3395,2.3462,2186889.0
1741467600000000,XRPUSDT,1h,2.3461,2.3635,2.3451,2.3495,2238486.0
1741471200000000,XRPUSDT,1h,2.3495,2.3533,2.3271,2.3425,4574515.0
1741474800000000,XRPUSDT,1h,2.3426,2.3453,2.3136,2.3261,4497842.0
1741478400000000,XRPUSDT,1h,2.3262,2.3498,2.3149,2.3432,4048590.0
1741482000000000,XRPUSDT,1h,2.3432,2.351,2.3213,2.3258,2908093.0
1741485600000000,XRPUSDT,1h,2.3258,2.3336,2.3104,2.3118,4067652.0
1741489200000000,XRPUSDT,1h,2.3118,2.3306,2.3055,2.3227,3014974.0
1741492800000000,XRPUSDT,1h,2.3228,2.3317,2.3173,2.3295,2825530.0
1741496400000000,XRPUSDT,1h,2.3296,2.343,2.3237,2.3329,3923644.0
1741500000000000,XRPUSDT,1h,2.333,2.3334,2.311,2.3204,2774444.0
1741503600000000,XRPUSDT,1h,2.3204,2.3439,2.3158,2.3393,3045134.0
1741507200000000,XRPUSDT,1h,2.3392,2.3416,2.3158,2.3191,3696095.0
1741510800000000,XRPUSDT,1h,2.3191,2.3238,2.2939,2.2986,8303731.0
1741514400000000,XRPUSDT,1h,2.2987,2.3013,2.2399,2.2499,20108030.0
1741518000000000,XRPUSDT,1h,2.2499,2.2644,2.2466,2.2547,8885862.0
1741521600000000,XRPUSDT,1h,2.2547,2.2563,2.2251,2.2383,11105783.0
1741525200000000,XRPUSDT,1h,2.2383,2.2426,2.1637,2.1686,20538074.0
1741528800000000,XRPUSDT,1h,2.1687,2.212,2.1675,2.2115,14757217.0
1741532400000000,XRPUSDT,1h,2.2115,2.2196,2.173,2.1853,13865865.0
1741536000000000,XRPUSDT,1h,2.1852,2.1975,2.1317,2.1353,30126947.0
1741539600000000,XRPUSDT,1h,2.1354,2.162,2.1022,2.1048,19470343.0
1741543200000000,XRPUSDT,1h,2.1049,2.1446,2.083,2.1256,25234142.0
1741546800000000,XRPUSDT,1h,2.1256,2.181,2.1153,2.1639,20405701.0
1741550400000000,XRPUSDT,1h,2.164,2.2062,2.1578,2.1946,14663256.0
1741554000000000,XRPUSDT,1h,2.1946,2.2018,2.1622,2.1685,11052154.0
1741557600000000,XRPUSDT,1h,2.1685,2.1685,2.1281,2.133,13951522.0
1741561200000000,XRPUSDT,1h,2.133,2.156,2.1179,2.1387,13938269.0
1741564800000000,XRPUSDT,1h,2.1388,2.1761,2.0872,2.1655,24045719.0
1741568400000000,XRPUSDT,1h,2.1655,2.1977,2.1504,2.1686,14303325.0
1741572000000000,XRPUSDT,1h,2.1686,2.2013,2.1615,2.1826,10401583.0
1741575600000000,XRPUSDT,1h,2.1827,2.1863,2.1615,2.1702,6463375.0
1741579200000000,XRPUSDT,1h,2.1702,2.1966,2.1683,2.1949,6288777.0
1741582800000000,XRPUSDT,1h,2.1949,2.2037,2.187,2.1946,8398276.0
1741586400000000,XRPUSDT,1h,2.1947,2.1987,2.1687,2.1794,9138302.0
1741590000000000,XRPUSDT,1h,2.1794,2.194,2.1584,2.1843,9200913.0
1741593600000000,XRPUSDT,1h,2.1844,2.1858,2.1291,2.1371,12136988.0
1741597200000000,XRPUSDT,1h,2.1371,2.2613,2.1363,2.1827,31929210.0
1741600800000000,XRPUSDT,1h,2.1827,2.1925,2.1501,2.1801,11436100.0
1741604400000000,XRPUSDT,1h,2.1802,2.2204,2.1757,2.2138,11222695.0
1741608000000000,XRPUSDT,1h,2.2139,2.226,2.1891,2.2047,9845438.0
1741611600000000,XRPUSDT,1h,2.2048,2.2089,2.1437,2.1511,14107167.0
1741615200000000,XRPUSDT,1h,2.1511,2.1511,2.0669,2.0929,39790371.0
1741618800000000,XRPUSDT,1h,2.0928,2.1533,2.0842,2.1187,20663996.0
1741622400000000,XRPUSDT,1h,2.1188,2.1287,2.0757,2.0919,14076220.0
1741626000000000,XRPUSDT,1h,2.0919,2.1123,2.0211,2.0506,31273027.0
1741629600000000,XRPUSDT,1h,2.0505,2.0879,1.995,2.0011,30003583.0
1741633200000000,XRPUSDT,1h,2.0011,2.0963,1.9925,2.0766,31469178.0
1741636800000000,XRPUSDT,1h,2.0767,2.0893,2.0451,2.0753,15867238.0
1741640400000000,XRPUSDT,1h,2.0752,2.0923,2.0602,2.0728,8788667.0
1741644000000000,XRPUSDT,1h,2.0728,2.0841,2.0257,2.0472,10350052.0
1741647600000000,XRPUSDT,1h,2.0473,2.0612,2.0126,2.0216,10023431.0
1741651200000000,XRPUSDT,1h,2.0216,2.0496,1.9,1.9545,47929088.0
1741654800000000,XRPUSDT,1h,1.9544,2.0274,1.904,2.027,34083118.0
1741658400000000,XRPUSDT,1h,2.0269,2.0646,2.0151,2.0357,18079403.0
1741662000000000,XRPUSDT,1h,2.0357,2.0646,2.032,2.0462,6930292.0
1741665600000000,XRPUSDT,1h,2.0461,2.0861,2.0418,2.0737,9883092.0
1741669200000000,XRPUSDT,1h,2.0736,2.1314,2.0694,2.101,17915764.0
1741672800000000,XRPUSDT,1h,2.101,2.1245,2.0808,2.0839,9776367.0
1741676400000000,XRPUSDT,1h,2.084,2.1115,2.0817,2.0952,7991124.0
1741680000000000,XRPUSDT,1h,2.0952,2.1369,2.09,2.1206,12310520.0
1741683600000000,XRPUSDT,1h,2.1205,2.1495,2.1191,2.1288,9798099.0
1741687200000000,XRPUSDT,1h,2.1288,2.1544,2.1242,2.147,7322866.0
1741690800000000,XRPUSDT,1h,2.1469,2.1646,2.1268,2.156,8107794.0
1741694400000000,XRPUSDT,1h,2.1559,2.1607,2.1,2.1113,17056598.0
1741698000000000,XRPUSDT,1h,2.1112,2.155,2.0845,2.1135,28501155.0
1741701600000000,XRPUSDT,1h,2.1135,2.1298,2.0559,2.0766,34226599.0
1741705200000000,XRPUSDT,1h,2.0768,2.1456,2.0728,2.1358,22787356.0
1741708800000000,XRPUSDT,1h,2.1358,2.1455,2.1072,2.1246,12380957.0
1741712400000000,XRPUSDT,1h,2.1245,2.1275,2.08,2.1002,11309318.0
1741716000000000,XRPUSDT,1h,2.1001,2.1996,2.0991,2.1817,24196788.0
1741719600000000,XRPUSDT,1h,2.1816,2.2138,2.1743,2.2086,15163936.0
1741723200000000,XRPUSDT,1h,2.2087,2.2106,2.1762,2.1926,9063648.0
1741726800000000,XRPUSDT,1h,2.1927,2.2106,2.182,2.194,5683095.0
1741730400000000,XRPUSDT,1h,2.1939,2.2048,2.1867,2.1948,4692476.0
1741734000000000,XRPUSDT,1h,2.1947,2.1963,2.1633,2.1711,7230791.0
1741737600000000,XRPUSDT,1h,2.171,2.1983,2.16,2.1812,9367537.0
1741741200000000,XRPUSDT,1h,2.1813,2.2464,2.1774,2.2301,12290771.0
1741744800000000,XRPUSDT,1h,2.2302,2.245,2.1891,2.1958,10371927.0
1741748400000000,XRPUSDT,1h,2.1957,2.2097,2.1655,2.1682,8193119.0
1741752000000000,XRPUSDT,1h,2.1681,2.1697,2.1432,2.1586,13357492.0
1741755600000000,XRPUSDT,1h,2.1587,2.1873,2.156,2.1827,6462397.0
1741759200000000,XRPUSDT,1h,2.1828,2.1863,2.1454,2.1599,7549685.0
1741762800000000,XRPUSDT,1h,2.1599,2.1943,2.1586,2.1887,6902502.0
1741766400000000,XRPUSDT,1h,2.1886,2.2372,2.1854,2.2225,13214191.0
1741770000000000,XRPUSDT,1h,2.2226,2.2319,2.19,2.2035,11996583.0
1741773600000000,XRPUSDT,1h,2.2035,2.2087,2.1677,2.179,7239959.0
1741777200000000,XRPUSDT,1h,2.1789,2.2156,2.1788,2.2143,4780624.0
1741780800000000,XRPUSDT,1h,2.2143,2.2769,2.1967,2.2517,28979151.0
1741784400000000,XRPUSDT,1h,2.2516,2.2605,2.1774,2.1888,19919900.0
1741788000000000,XRPUSDT,1h,2.1888,2.1975,2.1524,2.1676,15253814.0
1741791600000000,XRPUSDT,1h,2.1677,2.235,2.1333,2.2038,27339808.0
1741795200000000,XRPUSDT,1h,2.2037,2.2544,2.1885,2.2007,26182484.0
1741798800000000,XRPUSDT,1h,2.2008,2.2353,2.1969,2.2069,10664191.0
1741802400000000,XRPUSDT,1h,2.207,2.2456,2.2037,2.2326,7033108.0
1741806000000000,XRPUSDT,1h,2.2325,2.2468,2.2195,2.2379,8873636.0
1741809600000000,XRPUSDT,1h,2.2379,2.2424,2.2225,2.2294,5310786.0
1741813200000000,XRPUSDT,1h,2.2294,2.2404,2.212,2.2201,4895738.0
1741816800000000,XRPUSDT,1h,2.2202,2.24,2.2178,2.2294,5626989.0
1741820400000000,XRPUSDT,1h,2.2295,2.2433,2.2214,2.2396,5754018.0
1741824000000000,XRPUSDT,1h,2.2395,2.2529,2.2262,2.2335,7244629.0
1741827600000000,XRPUSDT,1h,2.2335,2.256,2.2269,2.2492,5280437.0
1741831200000000,XRPUSDT,1h,2.2492,2.2588,2.2336,2.235,5335735.0
1741834800000000,XRPUSDT,1h,2.235,2.251,2.232,2.2408,4414278.0
1741838400000000,XRPUSDT,1h,2.2407,2.246,2.221,2.2302,6038279.0
1741842000000000,XRPUSDT,1h,2.2303,2.2539,2.2288,2.2348,5360827.0
1741845600000000,XRPUSDT,1h,2.2348,2.2381,2.2176,2.2292,6634377.0
1741849200000000,XRPUSDT,1h,2.2293,2.2418,2.2237,2.234,5894823.0
1741852800000000,XRPUSDT,1h,2.234,2.2444,2.2137,2.2323,5725334.0
1741856400000000,XRPUSDT,1h,2.2324,2.2889,2.232,2.2805,15075898.0
1741860000000000,XRPUSDT,1h,2.2805,2.2815,2.2503,2.2687,8936644.0
1741863600000000,XRPUSDT,1h,2.2686,2.2842,2.2598,2.2841,6932179.0
1741867200000000,XRPUSDT,1h,2.2841,2.3428,2.2751,2.2935,29755249.0
1741870800000000,XRPUSDT,1h,2.2934,2.347,2.2742,2.2835,24351329.0
1741874400000000,XRPUSDT,1h,2.2835,2.3369,2.2766,2.3205,19624471.0
1741878000000000,XRPUSDT,1h,2.3204,2.3271,2.2766,2.2879,15489085.0
1741881600000000,XRPUSDT,1h,2.288,2.3086,2.2554,2.2709,15188363.0
1741885200000000,XRPUSDT,1h,2.2709,2.2734,2.2151,2.2219,18220304.0
1741888800000000,XRPUSDT,1h,2.2219,2.2738,2.2198,2.2627,11162506.0
1741892400000000,XRPUSDT,1h,2.2627,2.2654,2.2292,2.2387,6242979.0
1741896000000000,XRPUSDT,1h,2.2387,2.2603,2.2187,2.2213,5142887.0
1741899600000000,XRPUSDT,1h,2.2212,2.2378,2.2185,2.2378,3701814.0
1741903200000000,XRPUSDT,1h,2.2378,2.2689,2.2325,2.2677,6554164.0
1741906800000000,XRPUSDT,1h,2.2677,2.2761,2.2443,2.2527,5590002.0
1741910400000000,XRPUSDT,1h,2.2526,2.2748,2.2371,2.2651,6627542.0
1741914000000000,XRPUSDT,1h,2.2652,2.2778,2.2538,2.2661,5981390.0
1741917600000000,XRPUSDT,1h,2.266,2.3008,2.2612,2.2955,16052300.0
1741921200000000,XRPUSDT,1h,2.2955,2.2958,2.2779,2.2911,10867188.0
1741924800000000,XRPUSDT,1h,2.2911,2.2992,2.2867,2.2941,4754172.0
1741928400000000,XRPUSDT,1h,2.2941,2.3096,2.2876,2.3008,5706172.0
1741932000000000,XRPUSDT,1h,2.3008,2.32,2.2799,2.2868,14625545.0
1741935600000000,XRPUSDT,1h,2.2868,2.3055,2.2809,2.2946,4943435.0
1741939200000000,XRPUSDT,1h,2.2945,2.3199,2.2902,2.3089,6940153.0
1741942800000000,XRPUSDT,1h,2.3089,2.3259,2.3058,2.3138,4573884.0
1741946400000000,XRPUSDT,1h,2.3138,2.3322,2.305,2.3218,5738331.0
1741950000000000,XRPUSDT,1h,2.3217,2.3238,2.3114,2.3165,4167648.0
1741953600000000,XRPUSDT,1h,2.3166,2.3208,2.2965,2.3067,5648879.0
1741957200000000,XRPUSDT,1h,2.3068,2.3464,2.3007,2.3364,13510763.0
1741960800000000,XRPUSDT,1h,2.3363,2.343,2.3087,2.3333,21408013.0
1741964400000000,XRPUSDT,1h,2.3333,2.3893,2.3332,2.3583,24373097.0
1741968000000000,XRPUSDT,1h,2.3582,2.3683,2.3417,2.368,9463240.0
1741971600000000,XRPUSDT,1h,2.368,2.3723,2.3377,2.3465,6486882.0
1741975200000000,XRPUSDT,1h,2.3464,2.3578,2.3359,2.349,4794676.0
1741978800000000,XRPUSDT,1h,2.3489,2.3636,2.3432,2.3551,3548358.0
1741982400000000,XRPUSDT,1h,2.355,2.3583,2.3313,2.3477,4636953.0
1741986000000000,XRPUSDT,1h,2.3478,2.354,2.3323,2.3536,3576354.0
1741989600000000,XRPUSDT,1h,2.3536,2.3727,2.3449,2.3683,5498150.0
1741993200000000,XRPUSDT,1h,2.3684,2.3689,2.353,2.3564,3363344.0
1741996800000000,XRPUSDT,1h,2.3564,2.388,2.3525,2.38,5960586.0
1742000400000000,XRPUSDT,1h,2.38,2.3989,2.3766,2.3907,5598724.0
1742004000000000,XRPUSDT,1h,2.3907,2.4107,2.3836,2.4029,6039724.0
1742007600000000,XRPUSDT,1h,2.403,2.4305,2.3999,2.4247,9314953.0
1742011200000000,XRPUSDT,1h,2.4247,2.4751,2.4247,2.4652,12356300.0
1742014800000000,XRPUSDT,1h,2.4651,2.4674,2.4263,2.4265,9680651.0
1742018400000000,XRPUSDT,1h,2.4265,2.4411,2.4119,2.4169,11378871.0
1742022000000000,XRPUSDT,1h,2.4168,2.4205,2.3734,2.393,14204836.0
1742025600000000,XRPUSDT,1h,2.3929,2.4183,2.386,2.4123,7284261.0
1742029200000000,XRPUSDT,1h,2.4123,2.4124,2.3972,2.4113,5469381.0
1742032800000000,XRPUSDT,1h,2.4113,2.413,2.3982,2.4093,3584188.0
1742036400000000,XRPUSDT,1h,2.4094,2.426,2.402,2.4252,5193167.0
1742040000000000,XRPUSDT,1h,2.4253,2.4425,2.4148,2.4271,5049665.0
1742043600000000,XRPUSDT,1h,2.427,2.4539,2.4268,2.4458,6138719.0
1742047200000000,XRPUSDT,1h,2.4457,2.4458,2.4132,2.4234,7611550.0
1742050800000000,XRPUSDT,1h,2.4234,2.4386,2.4208,2.4262,4025854.0
1742054400000000,XRPUSDT,1h,2.4261,2.4281,2.4079,2.4114,4795395.0
1742058000000000,XRPUSDT,1h,2.4113,2.421,2.409,2.4184,3663092.0
1742061600000000,XRPUSDT,1h,2.4184,2.4219,2.3941,2.4063,4663110.0
1742065200000000,XRPUSDT,1h,2.4063,2.4064,2.3935,2.4015,4260863.0
1742068800000000,XRPUSDT,1h,2.4015,2.4183,2.4004,2.4109,3637556.0
1742072400000000,XRPUSDT,1h,2.4109,2.4187,2.4097,2.4135,2329521.0
1742076000000000,XRPUSDT,1h,2.4135,2.4162,2.3958,2.4026,3361486.0
1742079600000000,XRPUSDT,1h,2.4025,2.4031,2.3826,2.3911,4454483.0
1742083200000000,XRPUSDT,1h,2.3911,2.4071,2.3779,2.4034,5135142.0
1742086800000000,XRPUSDT,1h,2.4033,2.4109,2.3771,2.3791,4799603.0
1742090400000000,XRPUSDT,1h,2.379,2.3832,2.3627,2.371,7941861.0
1742094000000000,XRPUSDT,1h,2.3711,2.3859,2.368,2.3824,3052029.0
1742097600000000,XRPUSDT,1h,2.3825,2.3938,2.3808,2.3848,2568298.0
1742101200000000,XRPUSDT,1h,2.3849,2.3938,2.3811,2.3927,1696760.0
1742104800000000,XRPUSDT,1h,2.3927,2.396,2.3881,2.3892,1808583.0
1742108400000000,XRPUSDT,1h,2.3892,2.3897,2.368,2.3809,4453570.0
1742112000000000,XRPUSDT,1h,2.3808,2.3851,2.3711,2.3772,2417628.0
1742115600000000,XRPUSDT,1h,2.3773,2.3779,2.3374,2.3516,8836028.0
1742119200000000,XRPUSDT,1h,2.3515,2.3595,2.3421,2.3481,4983206.0
1742122800000000,XRPUSDT,1h,2.3481,2.3505,2.2875,2.2981,19888201.0
1742126400000000,XRPUSDT,1h,2.2981,2.3221,2.2955,2.3067,8138640.0
1742130000000000,XRPUSDT,1h,2.3067,2.3212,2.2677,2.2754,13619071.0
1742133600000000,XRPUSDT,1h,2.2753,2.303,2.2724,2.302,6993728.0
1742137200000000,XRPUSDT,1h,2.3019,2.3069,2.2829,2.2961,5716784.0
1742140800000000,XRPUSDT,1h,2.296,2.352,2.2932,2.317,17209433.0
1742144400000000,XRPUSDT,1h,2.3169,2.3317,2.3072,2.3209,6010073.0
1742148000000000,XRPUSDT,1h,2.321,2.3342,2.3102,2.3198,3377908.0
1742151600000000,XRPUSDT,1h,2.3198,2.3207,2.284,2.2948,7101078.0
1742155200000000,XRPUSDT,1h,2.2948,2.3125,2.2928,2.309,2640327.0
1742158800000000,XRPUSDT,1h,2.3089,2.3208,2.2977,2.3039,3977392.0
1742162400000000,XRPUSDT,1h,2.3038,2.3118,2.2845,2.2898,5057095.0
1742166000000000,XRPUSDT,1h,2.2898,2.3057,2.2828,2.2938,4552319.0
1742169600000000,XRPUSDT,1h,2.2938,2.3364,2.2915,2.3289,6274107.0
1742173200000000,XRPUSDT,1h,2.3288,2.3455,2.3176,2.3359,5954856.0
1742176800000000,XRPUSDT,1h,2.3359,2.346,2.3314,2.3422,3324358.0
1742180400000000,XRPUSDT,1h,2.3421,2.3582,2.3417,2.3551,4518412.0
1742184000000000,XRPUSDT,1h,2.3551,2.37,2.3494,2.3528,5623260.0
1742187600000000,XRPUSDT,1h,2.3527,2.3527,2.3278,2.3283,5550867.0
1742191200000000,XRPUSDT,1h,2.3284,2.3374,2.307,2.3294,7045066.0
1742194800000000,XRPUSDT,1h,2.3295,2.3439,2.3281,2.3363,4540109.0
1742198400000000,XRPUSDT,1h,2.3364,2.3525,2.3201,2.3464,4712939.0
1742202000000000,XRPUSDT,1h,2.3464,2.3557,2.3406,2.3478,4389815.0
1742205600000000,XRPUSDT,1h,2.3477,2.3495,2.3294,2.3308,4313904.0
1742209200000000,XRPUSDT,1h,2.3308,2.3441,2.3237,2.3387,3315401.0
1742212800000000,XRPUSDT,1h,2.3387,2.3679,2.3317,2.3327,12002547.0
1742216400000000,XRPUSDT,1h,2.3327,2.3456,2.3183,2.3242,7495055.0
1742220000000000,XRPUSDT,1h,2.3241,2.3351,2.3069,2.3227,7320618.0
1742223600000000,XRPUSDT,1h,2.3228,2.352,2.3111,2.3446,7530182.0
1742227200000000,XRPUSDT,1h,2.3446,2.3558,2.3302,2.3417,5877943.0
1742230800000000,XRPUSDT,1h,2.3416,2.3607,2.3386,2.3558,6198589.0
1742234400000000,XRPUSDT,1h,2.3557,2.3788,2.3472,2.3738,9427433.0
1742238000000000,XRPUSDT,1h,2.3738,2.3776,2.3591,2.3601,4146713.0
1742241600000000,XRPUSDT,1h,2.3602,2.3628,2.3447,2.3486,4589452.0
1742245200000000,XRPUSDT,1h,2.3487,2.3569,2.3371,2.3426,3867032.0
1742248800000000,XRPUSDT,1h,2.3426,2.3502,2.3372,2.3479,2873973.0
1742252400000000,XRPUSDT,1h,2.3479,2.3481,2.3346,2.3382,3030865.0
1742256000000000,XRPUSDT,1h,2.3381,2.3399,2.314,2.3236,5874209.0
1742259600000000,XRPUSDT,1h,2.3236,2.33,2.2803,2.2915,12237141.0
1742263200000000,XRPUSDT,1h,2.2915,2.3082,2.2885,2.2997,6957263.0
1742266800000000,XRPUSDT,1h,2.2996,2.2996,2.2742,2.286,10368066.0
1742270400000000,XRPUSDT,1h,2.2861,2.2962,2.277,2.2816,5992129.0
1742274000000000,XRPUSDT,1h,2.2816,2.3015,2.2807,2.2899,4414399.0
1742277600000000,XRPUSDT,1h,2.2899,2.2925,2.2432,2.2526,14573343.0
1742281200000000,XRPUSDT,1h,2.2525,2.2897,2.2514,2.2894,8697777.0
1742284800000000,XRPUSDT,1h,2.2894,2.3052,2.2845,2.295,5575724.0
1742288400000000,XRPUSDT,1h,2.295,2.2976,2.2742,2.2769,3608823.0
1742292000000000,XRPUSDT,1h,2.277,2.2846,2.2632,2.2724,7526952.0
1742295600000000,XRPUSDT,1h,2.2725,2.2761,2.26,2.2619,4626605.0
1742299200000000,XRPUSDT,1h,2.2619,2.268,2.2457,2.2478,7429002.0
1742302800000000,XRPUSDT,1h,2.2478,2.26,2.225,2.2343,12751996.0
1742306400000000,XRPUSDT,1h,2.2342,2.2645,2.231,2.2582,10375030.0
1742310000000000,XRPUSDT,1h,2.2582,2.2582,2.2333,2.2371,5892632.0
1742313600000000,XRPUSDT,1h,2.2371,2.2539,2.2327,2.2444,4891116.0
1742317200000000,XRPUSDT,1h,2.2445,2.2467,2.2225,2.2293,6851120.0
1742320800000000,XRPUSDT,1h,2.2293,2.2505,2.2267,2.247,5316531.0
1742324400000000,XRPUSDT,1h,2.2469,2.2663,2.2454,2.2628,5319245.0
1742328000000000,XRPUSDT,1h,2.2628,2.2698,2.2502,2.258,3766123.0
1742331600000000,XRPUSDT,1h,2.2579,2.2673,2.2533,2.2617,2766531.0
1742335200000000,XRPUSDT,1h,2.2617,2.2845,2.2578,2.2809,4684995.0
1742338800000000,XRPUSDT,1h,2.2809,2.2949,2.2809,2.2851,4222547.0
1742342400000000,XRPUSDT,1h,2.2851,2.3081,2.28,2.2912,5505272.0
1742346000000000,XRPUSDT,1h,2.2911,2.2921,2.2696,2.2699,4331091.0
1742349600000000,XRPUSDT,1h,2.2699,2.282,2.2653,2.2815,4043092.0
1742353200000000,XRPUSDT,1h,2.2815,2.2975,2.2775,2.2954,3622800.0
1742356800000000,XRPUSDT,1h,2.2954,2.2974,2.2859,2.2916,3383070.0
1742360400000000,XRPUSDT,1h,2.2915,2.3022,2.2913,2.2994,3877515.0
1742364000000000,XRPUSDT,1h,2.2995,2.3048,2.2828,2.2892,4821445.0
1742367600000000,XRPUSDT,1h,2.2892,2.3032,2.2834,2.2932,4448442.0
1742371200000000,XRPUSDT,1h,2.2933,2.3131,2.2932,2.3094,5158236.0
1742374800000000,XRPUSDT,1h,2.3094,2.3172,2.3054,2.3129,3383531.0
1742378400000000,XRPUSDT,1h,2.313,2.339,2.31,2.3116,7284646.0
1742382000000000,XRPUSDT,1h,2.3117,2.3488,2.3076,2.3363,12070880.0
1742385600000000,XRPUSDT,1h,2.3362,2.3405,2.3172,2.3272,6539301.0
1742389200000000,XRPUSDT,1h,2.3273,2.59,2.3213,2.5228,136464574.0
1742392800000000,XRPUSDT,1h,2.5228,2.5812,2.4859,2.5399,77515862.0
1742396400000000,XRPUSDT,1h,2.5398,2.58,2.5245,2.5548,31070794.0
1742400000000000,XRPUSDT,1h,2.5548,2.5668,2.5022,2.5161,28145792.0
1742403600000000,XRPUSDT,1h,2.5161,2.5319,2.4685,2.4912,23652085.0
1742407200000000,XRPUSDT,1h,2.4912,2.5333,2.4525,2.5141,33356072.0
1742410800000000,XRPUSDT,1h,2.5141,2.5399,2.473,2.4877,22074607.0
1742414400000000,XRPUSDT,1h,2.4878,2.5168,2.4762,2.4897,9989080.0
1742418000000000,XRPUSDT,1h,2.4896,2.52,2.4882,2.5046,8679249.0
1742421600000000,XRPUSDT,1h,2.5046,2.5672,2.5045,2.5309,13635585.0
1742425200000000,XRPUSDT,1h,2.531,2.5579,2.531,2.5469,9128794.0
1742428800000000,XRPUSDT,1h,2.5469,2.5638,2.4972,2.5051,18435458.0
1742432400000000,XRPUSDT,1h,2.5051,2.5168,2.4856,2.4958,12573965.0
1742436000000000,XRPUSDT,1h,2.4958,2.4989,2.4784,2.4944,6520214.0
1742439600000000,XRPUSDT,1h,2.4944,2.4967,2.4817,2.4845,4587786.0
1742443200000000,XRPUSDT,1h,2.4845,2.4873,2.4534,2.4651,10720168.0
1742446800000000,XRPUSDT,1h,2.4651,2.4706,2.4312,2.4491,10133472.0
1742450400000000,XRPUSDT,1h,2.4492,2.4646,2.4438,2.4531,6412693.0
1742454000000000,XRPUSDT,1h,2.4531,2.4703,2.4438,2.4644,5758142.0
1742457600000000,XRPUSDT,1h,2.4643,2.518,2.464,2.5112,14449449.0
1742461200000000,XRPUSDT,1h,2.5111,2.5182,2.488,2.5123,12437560.0
1742464800000000,XRPUSDT,1h,2.5122,2.5176,2.4671,2.4792,9424503.0
1742468400000000,XRPUSDT,1h,2.4792,2.4938,2.4683,2.4909,5278017.0
1742472000000000,XRPUSDT,1h,2.4909,2.5002,2.4761,2.494,4784491.0
1742475600000000,XRPUSDT,1h,2.494,2.5091,2.4759,2.5007,8647040.0
1742479200000000,XRPUSDT,1h,2.5006,2.5186,2.4923,2.499,10837381.0
1742482800000000,XRPUSDT,1h,2.499,2.501,2.4374,2.4388,20131406.0
1742486400000000,XRPUSDT,1h,2.4387,2.458,2.389,2.4027,22548912.0
1742490000000000,XRPUSDT,1h,2.4026,2.4319,2.4005,2.4261,12626575.0
1742493600000000,XRPUSDT,1h,2.4261,2.4485,2.4247,2.4305,6354276.0
1742497200000000,XRPUSDT,1h,2.4305,2.4426,2.4187,2.4363,5449633.0
1742500800000000,XRPUSDT,1h,2.4362,2.455,2.4356,2.4459,3858974.0
1742504400000000,XRPUSDT,1h,2.4459,2.4492,2.4284,2.4381,4742563.0
1742508000000000,XRPUSDT,1h,2.438,2.4426,2.4183,2.4228,4509581.0
1742511600000000,XRPUSDT,1h,2.4228,2.4377,2.4131,2.4361,4350833.0
1742515200000000,XRPUSDT,1h,2.436,2.4446,2.4213,2.4387,3578767.0
1742518800000000,XRPUSDT,1h,2.4387,2.4643,2.4359,2.4616,7349298.0
1742522400000000,XRPUSDT,1h,2.4615,2.4669,2.4292,2.4334,7205570.0
1742526000000000,XRPUSDT,1h,2.4335,2.4349,2.4125,2.4237,6793721.0
1742529600000000,XRPUSDT,1h,2.4236,2.4352,2.4216,2.4254,4650976.0
1742533200000000,XRPUSDT,1h,2.4253,2.4262,2.4082,2.4198,5019188.0
1742536800000000,XRPUSDT,1h,2.4199,2.4199,2.3997,2.4066,6923708.0
1742540400000000,XRPUSDT,1h,2.4065,2.4138,2.3834,2.4083,11889459.0
1742544000000000,XRPUSDT,1h,2.4083,2.418,2.3888,2.4072,7390807.0
1742547600000000,XRPUSDT,1h,2.4072,2.4205,2.3955,2.405,5732251.0
1742551200000000,XRPUSDT,1h,2.4051,2.4055,2.3713,2.3881,7750846.0
1742554800000000,XRPUSDT,1h,2.3881,2.3915,2.3734,2.3883,5799175.0
1742558400000000,XRPUSDT,1h,2.3882,2.399,2.3644,2.3688,7408531.0
1742562000000000,XRPUSDT,1h,2.3688,2.3863,2.3564,2.3823,8721259.0
1742565600000000,XRPUSDT,1h,2.3824,2.3889,2.3607,2.3867,7980724.0
1742569200000000,XRPUSDT,1h,2.3866,2.39,2.368,2.3726,5268972.0
1742572800000000,XRPUSDT,1h,2.3725,2.3982,2.3614,2.3969,6351574.0
1742576400000000,XRPUSDT,1h,2.3968,2.4085,2.3875,2.4027,4859296.0
1742580000000000,XRPUSDT,1h,2.4028,2.4242,2.4008,2.4012,7136062.0
1742583600000000,XRPUSDT,1h,2.4013,2.4118,2.3948,2.402,3416585.0
1742587200000000,XRPUSDT,1h,2.402,2.4046,2.392,2.4019,1904434.0
1742590800000000,XRPUSDT,1h,2.4019,2.4156,2.3935,2.3977,4038420.0
1742594400000000,XRPUSDT,1h,2.3977,2.3982,2.3784,2.3875,3546719.0
1742598000000000,XRPUSDT,1h,2.3874,2.3937,2.3746,2.3809,2316724.0
1742601600000000,XRPUSDT,1h,2.3809,2.4056,2.3735,2.3986,4983431.0
1742605200000000,XRPUSDT,1h,2.3986,2.407,2.3834,2.3886,3211624.0
1742608800000000,XRPUSDT,1h,2.3887,2.3963,2.3845,2.3903,2008716.0
1742612400000000,XRPUSDT,1h,2.3903,2.3912,2.3806,2.3891,1767353.0
1742616000000000,XRPUSDT,1h,2.3891,2.3994,2.3846,2.3973,1619483.0
1742619600000000,XRPUSDT,1h,2.3973,2.4013,2.3902,2.3934,1745186.0
1742623200000000,XRPUSDT,1h,2.3934,2.4053,2.3923,2.4033,2785901.0
1742626800000000,XRPUSDT,1h,2.4033,2.4133,2.3991,2.4014,2843902.0
1742630400000000,XRPUSDT,1h,2.4015,2.4057,2.3948,2.404,2800106.0
1742634000000000,XRPUSDT,1h,2.404,2.417,2.4016,2.4059,3410587.0
1742637600000000,XRPUSDT,1h,2.4059,2.4089,2.3952,2.3966,2679069.0
1742641200000000,XRPUSDT,1h,2.3965,2.3983,2.3849,2.3939,4189344.0
1742644800000000,XRPUSDT,1h,2.3938,2.397,2.3875,2.3948,2093627.0
1742648400000000,XRPUSDT,1h,2.3949,2.3963,2.3776,2.3882,2757851.0
1742652000000000,XRPUSDT,1h,2.3881,2.3881,2.3689,2.3705,3504045.0
1742655600000000,XRPUSDT,1h,2.3706,2.3797,2.3668,2.378,2946586.0
1742659200000000,XRPUSDT,1h,2.3779,2.3871,2.3733,2.3842,3010499.0
1742662800000000,XRPUSDT,1h,2.3843,2.3926,2.3805,2.3921,3550080.0
1742666400000000,XRPUSDT,1h,2.3921,2.3932,2.3847,2.3879,1981914.0
1742670000000000,XRPUSDT,1h,2.3879,2.3894,2.3784,2.3811,2494665.0
1742673600000000,XRPUSDT,1h,2.3811,2.3839,2.3721,2.3721,2403036.0
1742677200000000,XRPUSDT,1h,2.3722,2.3753,2.3594,2.3685,5168168.0
1742680800000000,XRPUSDT,1h,2.3684,2.3762,2.3637,2.3657,2209104.0
1742684400000000,XRPUSDT,1h,2.3656,2.372,2.3598,2.3711,2919288.0
1742688000000000,XRPUSDT,1h,2.3712,2.3794,2.365,2.3747,3171427.0
1742691600000000,XRPUSDT,1h,2.3747,2.3844,2.369,2.38,2905960.0
1742695200000000,XRPUSDT,1h,2.38,2.3886,2.3741,2.3864,2688043.0
1742698800000000,XRPUSDT,1h,2.3863,2.3925,2.3831,2.3884,2279228.0
1742702400000000,XRPUSDT,1h,2.3884,2.3906,2.3796,2.3813,2379593.0
1742706000000000,XRPUSDT,1h,2.3814,2.3883,2.377,2.3883,2344517.0
1742709600000000,XRPUSDT,1h,2.3882,2.3935,2.3855,2.3914,2541432.0
1742713200000000,XRPUSDT,1h,2.3915,2.4015,2.3909,2.3954,2683498.0
1742716800000000,XRPUSDT,1h,2.3954,2.3964,2.3889,2.3941,1985370.0
1742720400000000,XRPUSDT,1h,2.3942,2.3995,2.385,2.3872,2867074.0
1742724000000000,XRPUSDT,1h,2.3872,2.398,2.3849,2.3959,3488845.0
1742727600000000,XRPUSDT,1h,2.3959,2.4282,2.3959,2.4052,9702727.0
1742731200000000,XRPUSDT,1h,2.4051,2.4113,2.396,2.4027,3201740.0
1742734800000000,XRPUSDT,1h,2.4026,2.4204,2.3938,2.4181,3976525.0
1742738400000000,XRPUSDT,1h,2.4181,2.4236,2.4059,2.4091,4993438.0
1742742000000000,XRPUSDT,1h,2.4091,2.4197,2.4028,2.4133,3017771.0
1742745600000000,XRPUSDT,1h,2.4133,2.4174,2.3946,2.4004,3981754.0
1742749200000000,XRPUSDT,1h,2.4005,2.4106,2.394,2.4005,2594924.0
1742752800000000,XRPUSDT,1h,2.4005,2.4015,2.3859,2.3909,2803046.0
1742756400000000,XRPUSDT,1h,2.3909,2.4025,2.3874,2.4003,2099742.0
1742760000000000,XRPUSDT,1h,2.4004,2.409,2.4001,2.4019,1576648.0
1742763600000000,XRPUSDT,1h,2.4019,2.402,2.3881,2.4011,2032024.0
1742767200000000,XRPUSDT,1h,2.4011,2.427,2.4003,2.4175,5926453.0
1742770800000000,XRPUSDT,1h,2.4175,2.4409,2.4174,2.4393,6929867.0
1742774400000000,XRPUSDT,1h,2.4392,2.4578,2.4251,2.4353,7754621.0
1742778000000000,XRPUSDT,1h,2.4354,2.4369,2.4134,2.4154,5859284.0
1742781600000000,XRPUSDT,1h,2.4153,2.4357,2.4139,2.4314,3843959.0
1742785200000000,XRPUSDT,1h,2.4313,2.455,2.4304,2.4434,6174394.0
1742788800000000,XRPUSDT,1h,2.4434,2.4587,2.4433,2.4514,6440045.0
1742792400000000,XRPUSDT,1h,2.4514,2.4694,2.4492,2.4523,8083207.0
1742796000000000,XRPUSDT,1h,2.4524,2.4679,2.4524,2.4571,5738588.0
1742799600000000,XRPUSDT,1h,2.457,2.4653,2.4383,2.4433,8103280.0
1742803200000000,XRPUSDT,1h,2.4432,2.4686,2.443,2.4624,7486085.0
1742806800000000,XRPUSDT,1h,2.4624,2.4663,2.4531,2.4628,4473542.0
1742810400000000,XRPUSDT,1h,2.4628,2.4772,2.4597,2.4706,6334549.0
1742814000000000,XRPUSDT,1h,2.4706,2.4715,2.4555,2.4594,4480184.0
1742817600000000,XRPUSDT,1h,2.4595,2.4608,2.4481,2.4542,5079974.0
1742821200000000,XRPUSDT,1h,2.4541,2.4597,2.4422,2.4569,5739474.0
1742824800000000,XRPUSDT,1h,2.4568,2.5044,2.455,2.468,15038360.0
1742828400000000,XRPUSDT,1h,2.468,2.4782,2.4604,2.4738,4861306.0
1742832000000000,XRPUSDT,1h,2.4738,2.475,2.4459,2.4588,5979507.0
1742835600000000,XRPUSDT,1h,2.4589,2.4752,2.4543,2.4692,7638175.0
1742839200000000,XRPUSDT,1h,2.4692,2.4766,2.458,2.4742,3783177.0
1742842800000000,XRPUSDT,1h,2.4743,2.4758,2.4621,2.4653,3152445.0
1742846400000000,XRPUSDT,1h,2.4653,2.477,2.4546,2.4584,3352168.0
1742850000000000,XRPUSDT,1h,2.4584,2.4687,2.455,2.459,2623002.0
1742853600000000,XRPUSDT,1h,2.459,2.461,2.4456,2.4489,3747451.0
1742857200000000,XRPUSDT,1h,2.4488,2.452,2.4273,2.4501,4824613.0
1742860800000000,XRPUSDT,1h,2.4501,2.4665,2.4424,2.4536,6441599.0
1742864400000000,XRPUSDT,1h,2.4536,2.4536,2.4271,2.4369,4748972.0
1742868000000000,XRPUSDT,1h,2.4369,2.4378,2.4215,2.4254,3164001.0
1742871600000000,XRPUSDT,1h,2.4255,2.4304,2.4087,2.4142,6394437.0
1742875200000000,XRPUSDT,1h,2.4142,2.426,2.4071,2.4255,3162878.0
1742878800000000,XRPUSDT,1h,2.4255,2.4327,2.423,2.4299,2651820.0
1742882400000000,XRPUSDT,1h,2.43,2.4353,2.4128,2.4146,4963585.0
1742886000000000,XRPUSDT,1h,2.4145,2.4266,2.4141,2.4227,3165076.0
